1 3 1.0 1.1 76.9 0.0 0.0 0.0 0.0 0.0 0.0 28.7 0.0 0.0 24.1 24.1 0.0 0.0 0.0 0.0 0.0 2.3271762929409438e-08
1 4 0.97 0.54 22.0 3.9 0.3 0.0 0.5 2.9 1.5 0.0 1.9 0.0 0.1 3.1 0.2 0.8 2.8 3.4 0.6 2.2703462566732295e-08
1 6 1.0 0.75 32.6 0.0 0.0 0.0 0.0 0.0 0.7 0.8 1.1 4.2 5.2 4.9 4.6 2.8 3.7 3.1 1.5 2.2990363898348476e-08
1 7 1.0 0.62 47.900000000000006 0.1 0.0 3.3 2.7 2.1 4.5 4.2 6.4 7.9 4.4 1.6 3.7 4.7 0.2 2.1 0.0 2.2921961471768426e-08
1 9 1.0 0.51 53.30000000000001 2.0 1.7 2.8 2.7 2.6 3.7 5.4 4.8 5.3 5.2 3.7 4.6 3.2 3.0 0.9 1.7 2.3431917843949768e-08
1 10 1.0 0.49 46.8 1.7 3.5 2.0 2.2 4.2 2.6 3.5 4.1 3.5 2.5 3.3 3.9 2.1 2.9 2.8 2.0 2.3301549895953554e-08
1 12 1.0 0.45 17.8 0.8 1.0 1.2 1.6 1.9 1.1 0.9 1.0 1.2 1.2 1.4 1.0 1.1 0.8 1.0 0.6 2.3696456860225878e-08
1 14 1.0 0.4 46.1 2.5 3.3 2.8 3.1 2.6 3.2 3.0 2.6 3.1 2.2 2.7 3.1 3.0 2.9 2.8 3.2 2.3337305421478053e-08
1 15 1.0 0.3 13.900000000000002 0.8 0.8 0.8 0.9 0.9 0.9 0.9 0.9 0.9 0.7 0.7 0.9 1.2 0.9 0.8 0.9 2.332007856661481e-08
2 3 1.794871794871795 2.98 84.2 1.1 0.0 10.5 2.9 4.5 0.0 0.0 1.0 12.3 10.6 3.0 0.0 22.6 15.7 0.0 0.0 2.319079401448294e-08
2 4 2.0 0.68 79.1 5.3 0.0 1.3 7.2 3.4 0.1 22.0 4.4 5.0 0.0 8.3 7.0 10.1 5.0 0.0 0.0 2.3458003793410043e-08
2 6 1.9714285714285715 0.54 62.5 6.0 0.3 2.6 4.5 8.3 2.5 4.2 2.2 2.6 10.3 7.4 3.0 0.0 3.0 5.0 0.6 2.2977135115200198e-08
2 7 1.9166666666666667 0.51 53.1 2.4 5.8 1.3 6.4 3.4 6.9 2.1 1.0 3.3 1.1 3.9 1.8 3.1 0.2 4.5 5.9 2.2539888474189716e-08
2 9 1.9714285714285715 0.53 56.50000000000001 2.0 1.9 1.5 3.7 4.5 4.4 4.8 4.9 4.1 5.7 4.5 3.9 3.4 2.5 2.1 2.6 2.291300482681891e-08
2 10 1.9714285714285715 0.56 59.39999999999999 2.1 2.5 3.5 3.3 4.2 4.3 3.7 4.6 5.4 4.4 3.9 4.1 4.1 3.8 3.8 1.7 2.3398957692068378e-08
2 12 1.9444444444444444 0.51 53.599999999999994 1.6 2.6 2.9 3.9 3.3 3.7 3.9 3.8 4.1 4.1 2.7 3.9 2.8 3.3 3.8 3.2 2.283670289907984e-08
2 14 1.9166666666666667 0.47 54.39999999999999 3.1 2.9 3.3 3.5 3.8 3.5 3.0 3.3 2.9 3.0 3.4 3.4 3.6 2.9 5.3 3.5 2.2813759523485387e-08
2 15 1.9714285714285715 0.52 57.7 3.9 3.6 3.5 3.7 3.7 3.6 3.6 3.9 3.6 3.7 3.6 3.4 3.5 3.1 3.9 3.4 2.327659842649155e-08
3 3 1.8727272727272728 11.84 86.00000000000001 11.3 0.0 0.0 0.6 0.0 19.2 16.5 0.0 8.6 2.7 0.0 0.0 0.0 11.9 5.3 9.9 2.3591915252638876e-08
3 4 2.2127659574468086 7.46 82.5 0.0 13.1 8.8 12.3 1.9 0.0 0.0 0.0 0.0 1.8 0.0 8.9 16.1 17.0 2.6 0.0 2.333384549409799e-08
3 6 2.6666666666666665 2.76 75.80000000000001 5.9 0.2 1.7 12.7 14.5 4.2 6.6 9.2 1.0 6.5 3.2 0.1 0.0 4.2 5.4 0.4 2.3105943369454255e-08
3 7 2.810810810810811 1.83 73.2 5.2 6.3 7.7 1.6 5.0 2.3 3.5 7.4 3.5 2.7 0.6 7.6 3.7 11.1 4.6 0.4 2.2973554590220305e-08
3 9 2.4523809523809526 4.5 67.99999999999999 0.4 1.6 3.6 3.7 4.3 4.8 6.0 6.6 8.8 5.5 4.6 4.8 4.1 4.8 3.1 1.3 2.3014712886782452e-08
3 10 2.4523809523809526 4.37 66.50000000000001 1.2 1.8 4.5 4.0 3.9 4.4 5.5 5.7 6.3 6.0 4.6 5.2 4.2 3.4 3.4 2.4 2.297987091620393e-08
3 12 2.575 3.42 69.69999999999999 3.6 4.0 4.7 4.7 4.2 3.9 5.1 5.6 4.3 4.8 4.3 5.0 4.4 3.6 3.3 4.2 2.3005203297898905e-08
3 14 2.8378378378378377 2.01 72.8 4.0 3.5 4.6 4.8 5.0 4.8 4.3 3.4 5.3 5.1 4.5 4.8 5.1 4.9 4.9 3.8 2.345476365680829e-08
3 15 2.763157894736842 2.14 72.59999999999998 4.7 4.5 4.1 5.0 4.5 4.6 4.4 4.9 4.8 4.9 4.4 4.0 4.5 4.5 4.5 4.3 2.3497825907270456e-08
4 3 1.904109589041096 24.37 87.1 0.0 12.1 31.8 2.3 0.0 0.0 0.6 23.9 3.0 0.0 0.0 2.4 0.0 0.0 11.0 0.0 2.4220274551388524e-08
4 4 2.2580645161290325 14.97 83.19999999999999 5.3 2.3 8.4 2.2 17.2 10.9 3.0 0.0 0.0 0.2 7.3 3.4 2.3 0.0 0.2 20.5 2.39222921042285e-08
4 6 2.7254901960784315 10.26 76.3 6.6 0.0 7.8 8.4 9.6 7.1 0.6 0.0 1.9 10.3 5.0 6.5 1.1 4.8 3.4 3.2 2.3388546872647392e-08
4 7 2.8541666666666665 7.55 75.7 0.9 3.4 6.1 5.1 1.2 3.2 5.5 5.5 7.7 4.6 2.3 5.2 8.9 10.6 2.2 3.3 2.362194695168223e-08
4 9 2.5090909090909093 10.63 70.19999999999999 0.8 2.5 3.0 1.9 3.7 4.3 4.7 5.5 9.0 5.9 5.9 5.9 4.8 4.7 4.3 3.3 2.3435749502647762e-08
4 10 2.5 12.37 69.2 2.4 3.1 4.3 3.2 3.3 4.2 4.9 5.5 7.0 4.8 4.6 6.0 4.7 3.6 4.6 3.0 2.3794996925222533e-08
4 12 2.6226415094339623 11.16 72.4 2.4 4.5 4.9 4.3 5.3 4.7 5.6 4.4 5.9 4.5 4.5 4.6 4.7 4.5 3.8 3.8 2.3915961873373546e-08
4 14 2.7254901960784315 8.96 73.2 4.3 5.0 5.1 4.4 4.6 4.8 4.8 4.4 4.1 4.4 4.4 4.3 5.0 4.9 4.3 4.4 2.3402470375520928e-08
4 15 2.816326530612245 7.92 74.70000000000002 4.5 4.4 4.4 4.7 5.1 4.8 4.7 4.9 4.9 4.7 4.7 4.7 4.5 4.3 4.5 4.9 2.3413098217553614e-08
5 3 1.9222222222222223 28.49 87.19999999999999 5.3 4.8 5.8 5.7 8.2 5.7 7.3 0.0 9.4 10.0 1.2 7.1 0.0 0.0 5.1 11.6 2.405011202534348e-08
5 4 2.32 24.99 82.5 0.6 6.8 2.9 15.1 1.7 10.4 7.1 22.6 1.1 4.6 2.4 0.0 2.7 2.0 2.5 0.0 2.39835292366782e-08
5 6 2.746031746031746 15.3 78.2 3.0 10.2 7.7 4.7 8.8 4.3 8.1 5.6 7.6 1.8 1.6 4.3 0.0 3.2 2.1 5.2 2.4107989439873143e-08
5 7 2.9322033898305087 16.11 76.60000000000001 1.0 8.0 6.3 3.4 7.9 5.1 7.3 8.6 10.2 3.4 3.7 3.9 1.9 1.9 2.3 1.7 2.424419309378109e-08
5 9 2.5588235294117645 17.46 71.0 0.8 2.1 2.7 3.2 5.1 5.6 6.4 6.4 8.1 5.9 6.1 5.3 4.6 3.9 2.7 2.1 2.3921003086843152e-08
5 10 2.5441176470588234 17.63 70.9 2.4 2.8 4.0 2.8 3.9 3.7 4.8 5.4 5.9 5.2 5.8 7.2 5.2 4.7 4.0 3.1 2.417970660296894e-08
5 12 2.606060606060606 16.37 70.10000000000001 3.6 3.7 3.0 3.8 3.9 4.3 4.8 5.2 4.5 5.4 6.2 4.7 4.2 4.1 4.2 4.5 2.3733691106695973e-08
5 14 2.7903225806451615 14.99 73.0 4.5 4.7 4.3 4.4 4.3 4.3 4.8 4.7 4.6 4.5 4.9 4.6 4.1 4.9 4.8 4.6 2.375091736187444e-08
5 15 2.8688524590163933 15.69 75.60000000000001 4.6 4.7 4.8 4.7 4.4 4.8 5.5 4.7 4.7 4.7 4.8 4.7 4.5 4.8 4.2 5.0 2.4124729172453435e-08
6 3 1.9439252336448598 52.43 87.4 0.0 1.9 5.4 15.4 5.1 7.0 9.8 0.8 4.1 0.0 0.0 0.0 23.7 0.0 14.2 0.0 2.4429037816514987e-08
6 4 2.2967032967032965 29.14 83.6 2.5 4.8 8.8 2.5 11.5 0.0 2.7 10.7 9.3 11.1 1.1 8.6 6.7 3.3 0.0 0.0 2.4348358738248558e-08
6 6 2.6794871794871793 27.59 78.3 2.2 4.8 3.6 6.2 6.5 12.1 7.0 5.3 7.7 7.3 2.4 2.9 2.8 0.4 4.0 3.1 2.4137281916781518e-08
6 7 2.943661971830986 22.63 74.6 1.7 4.4 7.5 11.3 5.7 6.6 5.2 3.6 6.9 4.8 3.4 0.5 2.7 3.0 3.6 3.7 2.4213264882938592e-08
6 9 2.580246913580247 27.78 71.5 0.4 1.6 2.4 3.0 3.8 4.2 4.9 5.6 10.2 6.6 6.2 5.3 5.2 4.9 4.2 3.0 2.4596970571444394e-08
6 10 2.5365853658536586 26.69 71.0 1.0 3.1 3.2 3.9 4.3 4.5 5.2 5.7 8.8 5.3 5.3 4.9 4.5 4.6 4.3 2.4 2.418916015998792e-08
6 12 2.641025641025641 26.95 71.60000000000001 2.2 3.5 4.3 4.1 4.0 4.6 5.1 5.0 5.7 4.8 5.1 5.1 4.1 5.7 4.3 4.0 2.4056750323991196e-08
6 14 2.7837837837837838 26.22 74.7 4.0 4.3 4.2 4.8 4.4 4.9 4.6 4.8 5.0 5.4 4.5 5.0 4.7 4.4 4.9 4.8 2.43497234552086e-08
6 15 2.7972972972972974 26.92 73.10000000000001 4.3 4.3 4.7 4.4 4.3 4.5 4.3 4.6 4.7 4.6 4.7 4.9 4.8 4.6 4.6 4.8 2.4155184759307134e-08
7 3 1.9596774193548387 63.49 88.2 3.1 12.1 0.0 0.0 0.0 0.0 0.0 5.2 12.0 0.0 7.9 7.8 23.2 16.0 0.0 0.9 2.4722493970707218e-08
7 4 2.3627450980392157 40.13 85.10000000000001 1.7 5.6 5.5 9.7 3.2 0.0 4.1 6.8 12.5 8.0 2.2 3.7 2.9 14.5 0.0 4.7 2.440649686709727e-08
7 6 2.741573033707865 29.12 77.60000000000001 2.5 2.5 5.8 2.8 6.9 8.1 6.7 4.5 5.0 5.9 5.7 4.6 4.3 3.4 5.8 3.1 2.437951513576373e-08
7 7 2.951219512195122 27.09 75.30000000000001 0.9 0.9 7.1 7.6 9.4 9.3 5.6 5.0 7.3 8.1 2.1 2.5 0.8 1.5 3.9 3.3 2.437021966342145e-08
7 9 2.536842105263158 31.63 70.3 0.9 2.3 2.9 3.3 3.1 3.9 5.5 6.6 8.8 5.8 5.6 5.3 5.6 4.5 3.8 2.4 2.430671944421791e-08
7 10 2.568421052631579 31.27 71.0 1.8 3.4 4.0 3.9 3.7 4.9 5.5 6.0 7.4 5.3 4.9 5.4 4.2 4.6 3.7 2.3 2.4565662720395895e-08
7 12 2.6483516483516483 29.33 72.4 2.6 4.0 4.7 4.5 4.4 4.6 5.1 5.5 6.4 5.0 4.8 4.7 4.2 4.0 4.2 3.7 2.4348000538819953e-08
7 14 2.8488372093023258 27.34 72.49999999999999 4.3 4.6 4.4 4.7 4.6 4.1 4.3 4.7 4.8 4.8 4.5 4.8 4.8 4.5 4.1 4.5 2.4461268669532534e-08
7 15 2.8795180722891565 27.16 73.0 4.2 4.4 4.3 4.8 4.6 4.4 4.8 4.6 5.2 4.4 4.6 4.7 4.5 4.6 4.3 4.6 2.4328968649976243e-08
8 3 1.9361702127659575 64.64 87.9 2.4 2.2 2.8 10.8 2.1 4.4 1.8 8.1 13.3 5.4 4.0 4.3 23.5 0.4 2.4 0.0 2.4664372131967738e-08
8 4 2.3879310344827585 62.45 85.3 2.1 4.2 12.5 2.6 0.0 0.5 0.0 0.0 3.0 4.0 3.0 6.8 19.0 22.0 3.6 2.0 2.471659862287059e-08
8 6 2.808080808080808 33.0 78.9 0.6 1.0 4.3 3.1 7.8 9.7 6.6 9.0 7.4 8.0 7.7 2.8 1.7 2.7 6.5 0.0 2.4629781042955823e-08
8 7 2.978723404255319 30.63 77.30000000000001 3.0 7.2 6.6 4.0 5.3 7.9 5.6 10.0 5.0 3.1 3.7 7.3 3.5 1.5 2.9 0.7 2.459078236546838e-08
8 9 2.5688073394495414 42.16 71.1 1.4 2.2 2.9 3.9 4.1 5.0 5.8 6.8 8.5 6.4 5.7 4.7 4.2 4.3 3.6 1.6 2.485402624448815e-08
8 10 2.5754716981132075 42.69 71.3 1.1 3.1 2.9 4.2 4.4 5.1 5.5 5.2 7.8 5.0 4.9 4.3 4.9 5.2 3.5 4.2 2.443606533053114e-08
8 12 2.676470588235294 37.41 73.0 3.2 3.3 3.8 5.0 5.0 4.5 4.9 5.1 5.1 6.3 4.5 5.0 4.7 4.3 4.3 4.0 2.4377329349023267e-08
8 14 2.857142857142857 32.67 74.3 4.6 3.4 4.5 4.4 4.8 4.7 5.0 4.5 4.9 4.9 4.9 4.7 4.5 4.8 4.9 4.8 2.4577095913969064e-08
8 15 2.79 33.54 73.6 4.5 4.7 5.0 4.5 4.5 4.9 4.6 4.6 4.8 4.6 4.6 4.7 4.3 4.2 4.6 4.5 2.4607328619197236e-08
1 3 1.0 0.61 40.8 7.5 3.4 2.4 3.9 1.7 7.2 9.1 5.5 0.0 0.0 0.0 0.0 0.0 0.1 0.0 0.0 2.311195171752648e-08
1 4 0.9722222222222222 0.55 66.0 6.2 0.0 2.0 9.1 6.5 6.0 5.3 10.6 4.1 2.8 0.0 2.9 0.0 10.5 0.0 0.0 2.2745705319238144e-08
1 6 1.0 0.47 37.7 6.0 4.3 1.1 4.4 3.9 4.4 2.0 0.7 0.6 0.0 2.0 0.0 0.4 0.0 2.9 5.0 2.3582403331699556e-08
1 7 1.0 0.41 22.400000000000002 0.0 0.7 3.5 0.0 0.5 2.5 1.3 1.4 2.4 2.0 0.0 2.8 2.2 0.0 1.0 2.1 2.3634355425120445e-08
1 9 1.0 0.5 35.9 0.7 1.1 2.2 3.1 2.8 3.2 3.5 3.6 3.2 2.4 2.6 2.3 1.9 2.3 0.8 0.2 2.336543910733521e-08
1 10 0.9722222222222222 0.48 4.1000000000000005 0.1 0.1 0.1 0.0 0.3 0.3 0.3 0.3 0.2 0.2 0.3 0.2 0.3 0.1 1.0 0.3 2.2529118077269714e-08
1 12 1.0 0.45 54.900000000000006 3.5 3.2 4.3 2.5 3.2 3.4 3.5 3.6 4.9 3.6 4.0 2.3 3.1 3.6 3.6 2.6 2.3434372089906558e-08
1 14 1.0 0.42 7.200000000000001 0.4 0.4 0.3 0.8 0.3 0.4 0.4 0.3 0.3 0.4 0.4 0.4 1.2 0.4 0.4 0.4 2.368752122554738e-08
1 15 1.0 0.43 17.0 1.0 0.7 1.1 1.0 1.3 1.0 1.1 1.0 1.0 1.3 1.4 1.0 1.1 1.0 1.0 1.0 2.359949949745247e-08
2 3 1.7692307692307692 2.73 82.2 0.0 0.0 10.1 5.7 0.0 30.5 0.0 17.1 0.7 7.9 10.2 0.0 0.0 0.0 0.0 0.0 2.2745455661393887e-08
2 4 2.0 0.7 70.39999999999999 0.0 0.0 5.4 0.5 5.9 0.0 4.0 0.4 10.6 8.9 1.4 16.8 8.5 8.0 0.0 0.0 2.3418502692607038e-08
2 6 1.9166666666666667 0.49 57.39999999999999 1.7 0.0 7.9 5.1 3.5 3.2 5.5 4.6 9.1 3.8 0.9 0.5 2.8 0.6 4.4 3.8 2.2635685918241208e-08
2 7 1.9444444444444444 0.46 54.7 1.3 3.7 3.2 5.8 3.9 7.2 1.3 5.2 5.7 2.6 2.4 1.6 3.2 0.0 6.9 0.7 2.309704032970533e-08
2 9 1.9714285714285715 0.55 58.9 2.6 1.4 2.8 3.9 4.0 6.0 3.7 4.3 4.2 5.0 3.7 3.5 3.3 2.2 3.3 5.0 2.3363445781196142e-08
2 10 1.9166666666666667 0.53 55.2 2.4 7.8 3.0 2.8 3.3 3.8 4.2 4.6 4.3 2.3 3.7 3.7 3.0 2.2 2.5 1.6 2.2829491383744326e-08
2 12 1.9444444444444444 0.52 54.7 3.0 2.2 3.1 2.2 3.4 3.0 3.3 3.8 3.5 4.9 3.7 4.7 4.4 3.1 3.5 2.9 2.2832085604878536e-08
2 14 1.9714285714285715 0.47 53.8 2.5 3.3 3.4 3.8 3.2 4.2 3.4 3.4 2.9 3.4 3.6 3.0 3.6 3.2 3.6 3.3 2.2912855105313874e-08
2 15 1.9714285714285715 0.43 48.10000000000001 2.7 3.1 3.1 2.7 3.0 2.6 2.8 2.7 3.8 3.1 3.0 3.7 3.1 2.9 2.9 2.9 2.2972838869301478e-08
3 3 1.9090909090909092 11.26 87.39999999999999 0.0 0.0 0.0 6.2 23.8 21.5 6.8 2.3 6.0 14.7 0.0 0.0 0.0 0.0 0.1 6.0 2.4045827880288305e-08
3 4 2.234042553191489 7.26 81.89999999999999 7.1 0.0 0.0 16.3 0.0 3.0 0.0 0.0 15.2 1.3 3.0 0.0 0.2 12.6 18.1 5.1 2.34232548251007e-08
3 6 2.6666666666666665 3.22 77.0 3.4 3.8 2.4 8.6 3.7 8.7 14.8 7.2 9.4 0.5 9.0 3.4 0.0 0.8 0.0 1.3 2.3660824866329935e-08
3 7 2.763157894736842 2.36 72.0 3.2 7.7 2.8 3.2 0.6 4.8 0.0 6.8 5.6 5.8 6.9 3.6 7.4 0.9 9.8 2.9 2.3163716558895576e-08
3 9 2.4761904761904763 4.31 68.7 0.7 1.9 3.1 3.6 4.0 4.8 6.2 6.5 8.4 5.8 5.6 4.8 4.7 3.7 2.7 2.2 2.3070384756013464e-08
3 10 2.4523809523809526 4.6 67.6 2.9 3.0 5.0 4.1 4.6 5.3 5.3 6.7 4.9 5.8 4.7 4.3 4.0 3.7 2.1 1.2 2.2892254229811036e-08
3 12 2.625 3.18 70.89999999999999 3.2 4.5 5.3 4.6 4.4 4.4 4.8 4.7 4.4 5.0 3.6 4.8 4.4 5.1 3.9 3.8 2.3239847823930407e-08
3 14 2.763157894736842 2.13 70.50000000000001 4.1 4.2 4.1 4.4 3.9 4.8 4.5 4.2 4.8 4.4 4.4 4.2 5.0 4.7 4.4 4.4 2.3070830626032175e-08
3 15 2.810810810810811 1.91 73.60000000000002 4.6 4.1 5.0 4.8 4.6 4.0 4.7 4.7 4.6 4.2 4.4 4.7 4.7 5.4 4.7 4.4 2.34495606116064e-08
4 3 1.9027777777777777 24.38 86.39999999999999 0.0 0.0 0.0 2.0 15.3 0.0 2.5 11.2 20.3 0.0 0.0 0.0 0.0 25.5 9.6 0.0 2.3587964914639773e-08
4 4 2.225806451612903 14.82 82.8 1.3 0.0 0.0 22.3 10.7 2.6 0.0 4.2 1.9 10.3 3.1 1.4 0.0 0.0 12.0 13.0 2.3447448284050483e-08
4 6 2.7254901960784315 9.9 76.9 0.0 0.7 3.7 2.9 9.9 2.0 5.0 8.4 3.2 15.3 5.4 2.4 1.7 7.6 5.7 3.0 2.354505000554065e-08
4 7 2.875 7.17 74.80000000000001 2.0 2.0 7.6 4.4 3.4 3.8 4.5 8.1 7.7 7.0 1.7 4.4 4.9 7.2 5.4 0.7 2.3248025726729796e-08
4 9 2.5 11.04 69.7 2.7 1.4 2.0 2.4 4.0 4.4 5.1 6.6 5.2 8.5 7.1 5.3 4.3 4.5 3.8 2.4 2.3667378374574765e-08
4 10 2.4909090909090907 10.68 68.09999999999998 2.4 3.1 3.7 4.6 4.0 4.3 4.6 5.8 5.6 6.4 4.3 3.9 5.3 3.8 4.1 2.2 2.3343357953690847e-08
4 12 2.574074074074074 10.87 70.89999999999999 3.7 4.0 3.8 3.4 3.5 4.4 5.0 5.1 4.4 5.1 4.8 5.3 5.2 4.3 4.6 4.3 2.3447658629531062e-08
4 14 2.8 8.23 70.3 4.2 3.5 4.3 4.0 4.5 4.2 4.6 4.4 4.4 4.6 5.3 5.1 4.5 4.2 4.3 4.2 2.362377937714655e-08
4 15 2.74 8.17 72.0 4.9 4.6 4.5 4.6 4.5 4.1 4.1 4.5 4.4 4.2 4.8 4.2 4.7 4.3 5.3 4.3 2.3297808127153988e-08
5 3 1.9230769230769231 29.13 88.00000000000001 15.4 0.4 0.0 16.7 9.0 2.7 12.5 2.6 0.1 0.0 0.7 0.0 6.5 0.0 15.5 5.9 2.4294326550489135e-08
5 4 2.324324324324324 24.18 83.8 0.2 12.3 10.5 0.0 5.0 9.1 2.6 17.5 0.0 3.4 0.0 13.5 1.4 0.0 8.3 0.0 2.39328436948285e-08
5 6 2.7580645161290325 15.47 78.00000000000001 2.3 7.5 8.3 8.5 2.4 7.2 8.0 8.5 7.7 1.1 2.0 2.1 3.2 2.9 6.1 0.2 2.4012470148471907e-08
5 7 2.8983050847457625 15.67 75.10000000000001 4.0 5.7 4.5 8.5 9.6 7.0 4.9 8.6 4.2 1.4 4.7 1.1 2.7 2.5 3.7 2.0 2.374309938864495e-08
5 9 2.514705882352941 17.84 69.99999999999999 1.2 2.0 3.6 4.4 4.5 4.8 4.9 6.4 7.8 6.6 5.2 4.4 4.0 4.0 3.6 2.6 2.3997330822312644e-08
5 10 2.5441176470588234 17.53 69.39999999999999 2.5 2.2 2.6 2.8 3.5 5.6 5.4 5.3 5.7 7.1 5.4 5.6 4.4 4.3 3.2 3.8 2.3897510767642084e-08
5 12 2.6515151515151514 16.67 72.8 2.9 4.2 4.9 4.7 5.4 4.6 4.9 4.9 5.2 4.8 4.2 5.0 4.4 4.6 3.8 4.3 2.4073835854081116e-08
5 14 2.8524590163934427 15.02 75.0 4.7 4.5 4.4 4.3 4.5 4.2 4.7 4.8 4.2 4.3 5.0 4.1 5.2 5.8 5.2 5.1 2.390776902497364e-08
5 15 2.806451612903226 15.53 73.79999999999998 4.9 5.1 4.7 4.6 4.7 4.3 4.8 4.4 4.6 4.4 4.3 4.4 4.6 4.5 4.8 4.7 2.395481089475623e-08
6 3 1.9345794392523366 46.81 87.79999999999998 0.7 4.5 4.5 4.6 0.0 7.0 0.0 28.5 0.0 4.7 3.7 6.1 12.2 7.1 2.6 1.6 2.4599329842063342e-08
6 4 2.2857142857142856 29.11 83.9 0.1 6.3 10.2 9.5 23.1 15.1 2.4 6.6 1.1 3.7 1.7 2.0 0.0 0.7 0.0 1.4 2.424617429907218e-08
6 6 2.688311688311688 27.75 77.0 3.0 8.4 1.7 3.8 12.6 5.4 3.9 4.4 1.8 2.7 7.3 5.0 3.4 6.4 3.0 4.2 2.423541482938889e-08
6 7 2.9577464788732395 22.01 76.89999999999998 4.8 4.8 4.3 4.5 3.4 7.2 4.9 7.0 6.3 6.6 3.8 3.1 7.7 2.1 4.1 2.3 2.4513459199023864e-08
6 9 2.567901234567901 27.31 71.39999999999999 1.8 1.4 3.8 3.6 3.8 5.0 6.1 6.6 7.1 7.0 5.4 4.8 4.8 3.6 4.1 2.5 2.451242542278465e-08
6 10 2.580246913580247 28.66 71.8 0.8 2.8 3.3 3.7 4.6 4.1 5.1 5.9 9.0 5.4 5.4 5.5 4.7 4.3 4.2 3.0 2.4585532498733194e-08
6 12 2.6538461538461537 28.44 72.8 3.7 4.7 4.0 5.0 4.2 4.7 4.8 5.0 4.9 5.1 4.7 5.2 4.5 4.2 4.5 3.6 2.4420038862622104e-08
6 14 2.8219178082191783 25.91 72.8 3.9 4.4 4.6 4.8 4.7 4.6 4.4 4.5 3.9 4.3 4.7 4.8 4.6 4.6 5.6 4.4 2.42329949105702e-08
6 15 2.887323943661972 19.62 73.8 3.8 4.8 4.4 4.6 4.4 4.7 4.6 4.9 5.5 4.8 5.0 4.4 4.6 4.5 4.5 4.3 2.4000600567985565e-08
7 3 1.928 64.39 87.40000000000002 0.0 3.9 5.1 7.4 2.5 0.0 9.6 18.6 0.0 9.6 0.3 13.4 1.9 0.0 14.9 0.2 2.4560137745766046e-08
7 4 2.3333333333333335 41.21 84.60000000000001 0.0 3.6 8.0 7.7 1.5 18.5 14.7 4.3 5.3 3.4 0.0 4.4 10.0 1.2 2.0 0.0 2.4480672304131687e-08
7 6 2.784090909090909 28.92 79.00000000000001 2.4 2.5 5.1 6.3 16.1 5.0 6.0 7.2 6.0 8.9 4.6 3.5 0.1 1.7 1.9 1.7 2.458288875492346e-08
7 7 2.891566265060241 28.51 73.9 1.5 1.8 2.4 4.8 6.9 4.5 6.3 4.9 10.4 6.8 7.6 4.7 2.9 5.0 0.9 2.5 2.410248011884336e-08
7 9 2.5698924731182795 30.15 70.7 1.9 2.9 1.7 2.1 3.1 4.1 4.6 5.9 6.5 5.7 7.7 6.9 4.9 5.3 4.5 2.9 2.4281823385916157e-08
7 10 2.5806451612903225 30.18 71.4 1.6 3.0 4.1 3.7 3.4 4.6 5.0 5.6 8.0 5.4 5.1 5.1 4.8 4.2 4.4 3.4 2.4410906271276465e-08
7 12 2.67032967032967 30.22 72.5 3.6 4.2 4.5 4.6 4.9 4.9 5.0 4.9 5.6 4.7 5.0 4.7 4.1 4.4 3.8 3.6 2.4432222789483197e-08
7 14 2.8255813953488373 28.86 76.30000000000001 4.4 4.1 4.9 4.9 4.3 4.9 4.5 5.2 4.9 5.2 4.7 4.9 4.7 4.9 4.8 5.0 2.4167969434504256e-08
7 15 2.9146341463414633 28.03 75.9 4.6 4.9 4.9 4.6 4.6 4.9 4.9 5.0 4.8 4.6 4.7 4.6 5.0 4.8 4.5 4.5 2.437669036815229e-08
8 3 1.9305555555555556 67.74 87.19999999999999 5.1 0.0 0.0 0.1 3.4 6.6 5.9 0.0 11.9 14.0 0.0 0.5 15.1 10.2 3.1 11.3 2.4621309620738906e-08
8 4 2.364406779661017 62.87 85.39999999999999 1.0 12.9 6.6 8.7 11.2 6.6 16.9 2.7 3.6 3.7 0.2 0.0 3.8 4.5 0.0 3.0 2.4720401604170543e-08
8 6 2.7777777777777777 33.69 78.50000000000001 1.3 1.6 7.6 3.3 4.1 5.4 10.2 10.6 8.3 10.6 3.4 3.7 4.0 2.7 1.0 0.7 2.4666403613526676e-08
8 7 2.8645833333333335 31.12 74.6 3.4 6.7 4.8 7.9 4.9 6.0 6.4 5.8 5.5 4.6 4.1 1.1 3.0 4.4 3.1 2.9 2.4402034097074462e-08
8 9 2.5277777777777777 49.59 70.0 2.3 2.1 3.3 4.0 4.1 5.1 5.8 6.8 6.9 6.8 5.0 4.6 4.5 3.9 2.8 2.0 2.4352337430539393e-08
8 10 2.5833333333333335 42.05 71.50000000000001 2.8 3.1 3.6 4.0 4.8 5.4 6.3 5.7 5.8 6.0 5.0 5.1 4.5 4.3 2.7 2.4 2.464922957104124e-08
8 12 2.6862745098039214 35.81 72.6 2.7 3.2 4.1 3.8 4.8 5.1 4.9 5.1 6.1 5.3 5.1 4.8 4.9 4.4 4.3 4.0 2.439810488717584e-08
8 14 2.8469387755102042 32.76 75.49999999999999 3.8 4.4 4.4 5.1 4.0 4.9 5.1 5.0 5.4 4.8 4.7 4.8 4.8 5.0 4.8 4.5 2.460483381664675e-08
8 15 2.8842105263157896 31.04 73.19999999999999 4.3 4.1 4.5 4.5 4.4 4.7 4.6 4.7 4.7 4.8 4.8 4.7 4.4 4.7 4.7 4.6 2.4451948302397035e-08
1 3 0.9722222222222222 0.62 65.10000000000001 0.0 0.0 0.0 9.0 0.0 8.7 3.6 11.0 0.7 16.4 6.0 4.2 2.1 3.4 0.0 0.0 2.2754951009870993e-08
1 4 1.0 0.56 58.099999999999994 6.2 12.3 0.6 12.7 0.8 12.4 0.0 8.8 0.0 4.3 0.0 0.0 0.0 0.0 0.0 0.0 2.2818015413658295e-08
1 6 1.0 0.43 33.3 1.4 2.4 0.0 1.8 3.2 5.1 6.1 3.7 0.0 2.7 4.1 2.5 0.0 0.0 0.3 0.0 2.3017004175634225e-08
1 7 1.0 0.39 9.499999999999998 0.0 0.6 1.0 0.4 1.0 0.1 1.0 0.3 1.7 0.6 0.0 0.0 0.0 2.1 0.0 0.7 2.3100508173001802e-08
1 9 0.9722222222222222 0.46 50.89999999999999 1.1 0.3 1.1 3.0 2.3 3.9 4.2 4.7 4.6 4.8 6.2 3.3 3.2 2.4 2.5 3.3 2.2822126904347648e-08
1 10 1.0 0.44 47.39999999999999 1.7 0.8 3.9 3.3 2.4 5.3 2.7 4.1 4.0 3.9 3.8 3.2 3.0 2.0 1.8 1.5 2.3533767950263092e-08
1 12 1.0 0.48 51.699999999999996 3.9 3.0 3.9 3.7 2.8 3.1 3.3 3.7 2.9 3.3 3.3 2.8 3.0 2.1 2.4 4.5 2.3343450347316063e-08
1 14 0.9722222222222222 0.45 3.500000000000001 0.2 0.2 0.2 0.2 0.2 0.2 0.2 0.6 0.2 0.2 0.2 0.2 0.1 0.3 0.2 0.1 2.2546977864992517e-08
1 15 1.0 0.45 17.0 0.9 0.9 1.0 0.9 0.9 1.1 0.9 1.0 1.8 1.0 1.1 1.5 0.9 1.1 1.0 1.0 2.2999477877760913e-08
2 3 1.8157894736842106 2.82 84.6 4.4 7.5 0.1 6.2 0.0 20.2 2.6 0.0 11.4 0.0 3.0 25.1 0.0 0.1 4.0 0.0 2.3385216886063557e-08
2 4 1.9444444444444444 0.64 70.8 0.0 0.0 2.4 0.0 0.0 0.0 7.9 11.7 11.5 12.0 10.2 0.0 0.0 10.6 2.4 2.1 2.305874750400487e-08
2 6 1.9714285714285715 0.53 60.0 0.0 4.2 2.6 7.3 3.5 1.1 2.8 13.2 6.1 0.9 5.1 2.0 2.9 8.3 0.0 0.0 2.3177725135984217e-08
2 7 2.0 0.43 50.8 3.4 2.1 0.7 0.0 0.4 0.0 6.1 3.4 3.4 1.3 5.3 10.0 5.7 6.7 0.8 1.5 2.3714843422339985e-08
2 9 1.9444444444444444 0.55 57.800000000000004 3.0 2.2 3.8 4.3 3.7 3.0 5.3 3.6 4.1 3.7 3.9 3.6 4.5 3.6 2.6 2.9 2.2845984363565705e-08
2 10 2.0 0.55 59.39999999999999 2.5 2.6 2.3 4.7 3.8 3.8 4.6 4.4 6.2 4.5 4.9 2.9 3.9 2.9 3.3 2.1 2.374363689788035e-08
2 12 1.9166666666666667 0.5 51.1 1.4 2.8 3.3 2.5 2.4 2.1 3.7 3.7 6.1 3.6 3.6 3.4 3.5 3.0 2.9 3.1 2.2736977732683453e-08
2 14 1.9714285714285715 0.51 51.6 2.0 3.4 3.3 2.5 3.1 3.6 3.0 3.2 4.7 3.0 3.2 3.0 3.7 3.6 3.3 3.0 2.2779401222448673e-08
2 15 1.9714285714285715 0.45 47.9 3.1 2.8 3.1 2.9 3.6 2.9 2.9 2.8 3.1 3.0 2.6 3.0 3.0 3.0 2.9 3.2 2.2962830367337772e-08
3 3 1.8727272727272728 11.23 86.1 0.0 0.0 0.0 0.0 0.0 0.0 0.0 27.5 0.1 0.0 0.0 0.0 31.2 27.3 0.0 0.0 2.3434055504170915e-08
3 4 2.234042553191489 7.43 83.2 10.1 0.0 11.4 0.0 5.8 5.7 0.0 8.2 1.3 24.3 8.2 0.0 2.5 5.7 0.0 0.0 2.3816714085545218e-08
3 6 2.6666666666666665 3.16 79.10000000000001 3.2 8.8 8.2 6.5 5.1 12.2 4.2 0.2 6.2 0.4 1.1 0.0 5.8 0.0 1.3 15.9 2.35052330875527e-08
3 7 2.810810810810811 1.73 72.60000000000001 0.2 3.9 8.6 8.3 3.9 6.7 5.6 3.7 4.2 5.6 1.2 0.1 6.0 0.5 4.4 9.7 2.3110953391265697e-08
3 9 2.4761904761904763 4.34 69.49999999999999 0.7 3.5 4.1 3.6 4.4 5.4 5.2 6.6 8.9 5.3 4.8 4.1 4.0 3.6 3.8 1.5 2.350738790615962e-08
3 10 2.5365853658536586 3.71 70.1 2.1 3.1 4.0 4.7 4.0 4.9 3.6 5.8 6.2 4.7 4.7 3.7 4.8 4.1 7.1 2.6 2.328542237077683e-08
3 12 2.5365853658536586 4.09 69.10000000000001 4.3 3.7 2.8 3.7 3.2 4.9 4.0 4.9 4.6 4.5 6.5 5.7 4.6 4.3 3.4 4.0 2.305558020921348e-08
3 14 2.641025641025641 2.85 69.7 4.3 4.8 4.2 4.3 4.0 4.6 4.0 4.7 4.3 4.5 4.1 4.9 4.1 4.4 4.2 4.3 2.284360507022216e-08
3 15 2.810810810810811 1.97 70.4 4.3 4.2 4.3 4.4 4.8 5.0 4.3 4.7 4.3 4.4 4.5 4.5 4.2 4.1 3.8 4.6 2.3090939370794753e-08
4 3 1.9305555555555556 25.49 87.0 0.0 0.0 0.0 0.0 0.0 20.7 17.6 0.0 0.0 6.9 30.7 1.2 0.0 0.0 9.9 0.0 2.3897043603208587e-08
4 4 2.2419354838709675 14.64 83.19999999999999 6.6 6.6 2.4 7.9 4.6 10.0 10.8 1.0 10.9 11.4 0.0 0.0 10.8 0.1 0.0 0.1 2.355278481208108e-08
4 6 2.6862745098039214 10.02 78.4 0.0 2.4 2.0 0.0 1.1 8.2 13.5 12.7 11.0 8.4 3.7 12.5 0.9 1.1 0.0 0.9 2.334035796879972e-08
4 7 2.9361702127659575 7.45 77.89999999999999 4.7 6.6 5.5 5.8 5.1 5.2 8.6 4.5 3.5 4.6 3.9 3.4 3.6 5.1 0.0 7.8 2.3697507724245562e-08
4 9 2.4909090909090907 10.59 69.2 0.7 2.0 2.6 2.3 3.2 3.7 5.0 6.0 9.7 6.2 5.5 5.3 4.8 5.3 3.9 3.0 2.338920410884591e-08
4 10 2.5090909090909093 10.93 70.8 2.0 3.7 3.5 4.2 3.3 4.3 5.6 5.7 6.4 5.0 5.1 4.1 6.9 4.1 3.6 3.3 2.3510169972434436e-08
4 12 2.6538461538461537 10.52 72.3 3.5 3.9 4.1 4.8 4.7 5.3 3.7 4.6 4.5 4.3 4.6 5.4 4.4 4.4 6.2 3.9 2.3542039258199587e-08
4 14 2.78 8.74 75.2 4.3 4.8 4.5 4.4 4.4 5.1 4.6 5.1 4.7 5.1 5.0 4.4 4.6 4.7 4.5 5.0 2.402596398475945e-08
4 15 2.8958333333333335 7.79 76.1 4.5 4.9 4.7 4.7 4.5 4.7 5.0 4.8 4.7 4.8 4.6 4.7 5.5 4.6 4.6 4.8 2.3972113183390323e-08
5 3 1.9230769230769231 29.2 87.2 0.0 6.0 0.0 0.0 6.7 0.2 1.4 7.2 0.0 0.0 0.0 13.5 10.4 8.0 13.5 20.3 2.409104612990962e-08
5 4 2.289473684210526 26.61 83.4 3.2 1.6 0.0 8.0 12.1 4.9 8.1 5.7 6.3 2.6 10.1 4.8 0.0 0.0 10.8 5.2 2.4178562660786817e-08
5 6 2.746031746031746 15.75 77.90000000000002 2.9 10.1 7.2 12.0 8.7 1.5 8.2 1.4 5.7 1.3 4.2 2.4 2.4 2.4 2.1 5.4 2.383816177962939e-08
5 7 2.9152542372881354 14.51 74.69999999999999 1.8 7.5 10.0 1.3 8.5 6.9 9.4 4.9 5.0 3.5 0.4 7.8 1.5 2.3 0.1 3.8 2.3694247317480717e-08
5 9 2.5294117647058822 17.49 70.00000000000001 1.1 2.3 4.2 3.9 4.4 4.8 5.4 6.7 8.0 6.1 5.1 5.0 3.7 4.0 3.5 1.8 2.3890260358218916e-08
5 10 2.5588235294117645 17.53 70.8 1.1 1.8 3.0 4.5 3.5 4.9 4.6 5.6 8.3 5.7 5.6 4.5 5.4 4.1 4.6 3.6 2.4199618779451774e-08
5 12 2.6769230769230767 16.17 73.4 3.0 4.4 3.6 4.8 4.4 5.6 4.9 4.9 4.5 4.7 5.1 5.0 5.3 4.9 4.5 3.8 2.4213912242797825e-08
5 14 2.819672131147541 16.71 72.1 3.7 4.9 4.1 4.4 4.5 4.6 4.2 4.8 4.9 4.6 4.3 4.6 4.3 4.7 5.5 4.0 2.3758812039793652e-08
5 15 2.85 15.27 73.7 4.4 4.5 4.4 4.1 4.7 4.6 4.6 4.8 4.3 4.9 4.5 5.3 4.7 4.6 4.4 4.9 2.3606863130964942e-08
6 3 1.9158878504672898 54.74 86.30000000000001 2.2 0.0 10.2 0.0 4.7 3.2 10.5 1.0 6.1 19.3 0.0 3.5 0.2 3.4 0.3 21.7 2.423331068523163e-08
6 4 2.340909090909091 27.78 83.5 0.4 0.0 0.0 2.8 9.3 14.9 0.3 5.0 7.6 1.1 4.5 16.2 0.0 0.0 11.1 10.3 2.401423706353192e-08
6 6 2.7012987012987013 27.92 77.30000000000001 1.2 1.4 1.1 4.8 1.7 10.2 6.8 7.1 6.2 6.9 9.8 5.0 7.6 1.4 1.9 4.2 2.411384800351899e-08
6 7 2.861111111111111 24.68 75.5 4.1 7.5 5.6 9.7 5.7 4.7 7.4 6.3 3.5 2.7 4.3 1.7 3.6 2.4 3.1 3.2 2.3963351056563752e-08
6 9 2.5555555555555554 28.36 71.69999999999999 0.6 1.7 3.4 3.8 4.3 4.8 5.4 6.5 9.4 6.3 5.4 4.8 4.2 3.9 4.1 3.1 2.439469038296028e-08
6 10 2.5609756097560976 28.24 70.89999999999999 2.8 2.5 3.1 4.1 4.2 4.9 5.0 6.5 6.6 6.4 5.9 5.0 3.9 4.1 3.1 2.8 2.4212836072167208e-08
6 12 2.628205128205128 25.85 71.89999999999999 2.5 4.0 4.2 4.6 4.6 5.3 4.9 4.8 6.2 4.1 5.2 4.1 4.8 4.3 4.2 4.1 2.4009119478854213e-08
6 14 2.7866666666666666 26.93 72.9 4.5 2.9 4.4 4.7 4.5 4.5 4.5 4.6 4.2 6.6 4.4 4.8 4.7 4.4 4.8 4.4 2.428007247109084e-08
6 15 2.8767123287671232 25.38 74.00000000000001 4.4 4.6 5.1 4.9 4.8 4.5 4.5 4.7 4.5 4.4 4.6 4.1 4.9 4.7 4.9 4.4 2.4260524183191222e-08
7 3 1.936 62.5 87.7 2.2 8.9 14.1 0.4 6.0 3.5 8.6 8.5 6.6 2.6 0.0 17.0 2.5 3.5 0.1 3.2 2.4630191434780613e-08
7 4 2.3142857142857145 41.75 85.30000000000001 0.1 2.8 3.8 3.3 7.5 11.9 8.4 3.7 13.9 0.0 0.0 3.8 4.2 8.5 8.0 5.4 2.4809889612816746e-08
7 6 2.7471264367816093 27.15 77.09999999999998 2.2 6.0 9.1 5.9 10.8 6.9 8.5 5.3 7.8 4.7 1.7 3.5 0.6 0.2 1.8 2.1 2.4260822808073082e-08
7 7 2.927710843373494 29.05 77.0 4.3 3.8 3.1 3.7 5.5 5.6 4.8 2.9 6.6 5.3 7.0 6.3 4.0 2.5 1.0 10.6 2.4585337018245026e-08
7 9 2.5789473684210527 31.11 71.50000000000001 2.1 2.1 2.5 3.0 3.5 5.2 5.5 6.1 6.7 6.7 6.0 5.1 5.6 4.7 3.2 3.5 2.4578136689000234e-08
7 10 2.568421052631579 31.32 72.4 1.6 3.8 3.5 4.3 4.7 5.1 5.8 6.4 7.5 5.2 5.3 4.6 4.6 4.2 3.1 2.7 2.472104953492243e-08
7 12 2.6923076923076925 30.07 72.6 3.5 3.8 4.2 4.8 5.0 4.8 5.2 5.5 5.3 5.1 4.6 4.3 4.7 4.3 3.7 3.8 2.455531455825122e-08
7 14 2.781609195402299 27.9 75.4 4.6 5.0 3.9 4.6 4.5 5.0 4.5 4.4 4.9 5.1 5.3 4.7 4.4 5.0 4.6 4.9 2.4371274857729857e-08
7 15 2.9156626506024095 26.42 75.10000000000001 5.1 4.1 4.7 4.8 4.5 4.5 4.5 4.7 4.6 5.1 4.7 4.9 4.5 4.7 5.0 4.7 2.4244674273553904e-08
8 3 1.870748299319728 67.97 86.60000000000001 3.1 3.6 11.4 12.4 0.0 22.1 12.0 1.4 8.7 4.4 1.0 0.0 0.0 0.3 6.2 0.0 2.4680548320427785e-08
8 4 2.3140495867768593 62.35 84.19999999999999 2.4 1.7 0.0 2.3 10.5 2.9 9.6 2.6 9.8 2.4 7.3 7.1 1.8 3.9 14.6 5.3 2.4583566403861343e-08
8 6 2.7676767676767677 33.76 77.89999999999999 2.5 6.8 10.7 4.8 11.2 1.3 8.4 9.3 5.9 0.4 1.9 3.7 0.3 6.4 0.5 3.8 2.4514478886805247e-08
8 7 2.9368421052631577 31.17 74.39999999999999 1.1 4.2 2.1 4.6 3.9 3.4 6.4 9.3 10.5 5.3 8.8 4.7 4.2 4.6 1.3 0.0 2.455971239244623e-08
8 9 2.5849056603773586 46.27 71.5 1.4 1.7 3.1 3.6 4.4 4.6 5.6 6.5 7.7 7.5 5.7 5.5 4.5 4.2 3.1 2.4 2.4637528842471775e-08
8 10 2.5596330275229358 42.08 71.5 0.8 2.7 3.6 4.1 4.8 5.1 5.4 5.7 8.9 5.2 4.8 5.0 4.3 4.2 3.7 3.2 2.4629596221841797e-08
8 12 2.6699029126213594 37.1 73.6 3.6 3.5 4.8 4.8 4.3 4.3 4.8 5.4 5.4 4.9 4.6 4.5 5.4 4.7 4.5 4.1 2.4662089364155427e-08
8 14 2.77 35.0 75.19999999999999 4.0 4.3 4.8 4.8 4.8 4.5 4.7 5.0 4.7 5.3 4.9 4.5 4.8 4.4 4.6 5.1 2.4668183993808826e-08
8 15 2.9157894736842107 31.28 75.1 4.5 4.9 4.4 4.6 4.8 4.7 4.7 4.9 4.9 4.7 4.6 4.8 4.7 4.8 4.6 4.5 2.4531585184281303e-08
1 3 1.0 0.63 34.0 0.0 2.4 0.0 0.0 0.0 3.4 2.8 2.1 8.5 0.0 0.0 0.0 6.2 6.5 2.1 0.0 2.32478062197775e-08
1 4 1.0 0.58 79.0 0.0 8.3 0.0 0.0 0.8 0.0 9.7 8.3 18.4 9.6 6.0 10.2 4.3 3.4 0.0 0.0 2.3325587213374843e-08
1 6 1.0 0.42 52.6 0.0 5.9 8.8 4.5 4.8 3.0 5.1 8.6 4.6 0.3 0.1 0.0 1.0 3.3 2.5 0.1 2.3420932494998074e-08
1 7 1.0 0.4 46.49999999999999 0.8 3.7 5.6 5.8 0.1 5.4 3.7 4.5 5.0 2.5 0.0 0.1 5.5 1.0 1.0 1.8 2.3406816802256413e-08
1 9 0.9722222222222222 0.47 7.9 0.2 0.2 0.3 0.4 1.1 1.0 0.9 0.5 0.5 0.6 0.5 0.5 0.2 0.3 0.2 0.5 2.2680101007131906e-08
1 10 1.0 0.45 51.9 1.1 1.9 3.1 2.9 3.6 5.1 4.3 4.2 4.2 3.9 4.0 3.0 3.1 1.7 4.0 1.8 2.3422833196816232e-08
1 12 0.9722222222222222 0.47 13.9 0.6 0.7 0.8 0.7 0.9 0.8 0.9 1.5 1.2 0.8 1.1 0.8 0.9 0.7 0.9 0.6 2.2661454194642758e-08
1 14 1.0 0.41 3.3000000000000007 0.2 0.2 0.2 0.1 0.2 0.2 0.5 0.1 0.1 0.2 0.2 0.1 0.2 0.2 0.3 0.3 2.319299546067149e-08
1 15 1.0 0.44 3.5000000000000004 0.2 0.3 0.2 0.2 0.2 0.2 0.2 0.1 0.2 0.2 0.2 0.5 0.2 0.2 0.2 0.2 2.3258002508035657e-08
2 3 1.8421052631578947 2.43 84.2 0.0 0.0 5.5 19.9 5.7 0.0 0.8 20.1 14.6 6.4 0.0 0.0 0.0 0.0 0.0 11.2 2.3070398223380477e-08
2 4 2.0 0.75 78.4 6.4 0.0 0.0 0.0 5.9 0.0 0.0 0.0 0.0 0.0 0.0 0.8 12.1 17.4 23.4 12.4 2.360027221267761e-08
2 6 1.9714285714285715 0.53 58.69999999999999 4.1 4.1 3.1 6.4 0.1 2.7 1.1 3.0 2.4 1.6 3.4 1.8 5.3 6.1 9.7 3.8 2.2743356404524617e-08
2 7 2.0 0.41 48.599999999999994 1.0 3.6 1.4 0.9 3.6 4.2 3.5 3.1 5.6 2.9 4.4 6.5 2.5 1.4 1.0 3.0 2.329981794803514e-08
2 9 1.9714285714285715 0.57 59.7 3.1 1.6 2.2 2.9 3.5 4.2 4.3 5.4 5.0 5.1 4.1 4.8 4.1 4.3 3.6 1.5 2.3472665081466666e-08
2 10 1.9714285714285715 0.53 57.29999999999999 1.6 2.8 3.3 3.8 4.2 4.1 5.6 6.0 4.2 4.0 3.8 3.9 3.8 3.4 2.0 0.8 2.3396555803856248e-08
2 12 2.0 0.52 56.1 2.4 3.5 1.8 3.6 3.0 3.5 4.1 3.6 3.5 3.7 5.3 3.5 4.1 3.6 3.1 3.8 2.3678475053705894e-08
2 14 1.9714285714285715 0.54 47.2 3.2 3.0 2.8 2.3 3.0 1.9 2.9 3.2 3.0 2.9 3.3 3.9 3.1 3.0 2.6 3.1 2.3043317095730997e-08
2 15 2.0 0.5 56.500000000000014 2.9 3.6 3.5 3.4 3.5 3.8 4.1 3.6 3.6 3.6 3.6 3.5 3.2 3.7 3.7 3.2 2.3220921059013177e-08
3 3 1.8392857142857142 12.19 84.10000000000001 3.5 15.1 0.0 20.4 10.0 8.4 0.2 10.3 8.0 0.0 0.0 0.0 0.0 0.0 3.9 4.3 2.332787455269373e-08
3 4 2.239130434782609 7.21 81.19999999999999 0.0 0.0 0.0 0.0 0.0 0.0 6.0 0.0 0.1 23.6 0.0 11.6 12.2 4.8 13.1 9.8 2.323590884918017e-08
3 6 2.6666666666666665 2.87 75.19999999999999 11.0 8.2 1.7 1.6 2.8 1.4 5.8 3.6 4.6 0.9 7.3 3.3 8.2 5.3 5.4 4.1 2.309613696874854e-08
3 7 2.810810810810811 2.41 76.39999999999999 4.6 4.4 6.4 7.4 7.0 9.3 1.8 5.9 3.4 5.3 3.4 4.1 2.6 0.1 6.4 4.3 2.3862567177490282e-08
3 9 2.5121951219512195 4.16 70.89999999999999 0.9 3.3 3.9 4.3 4.7 6.4 6.5 6.8 7.7 5.1 4.8 4.5 4.4 3.5 2.6 1.5 2.357255834972705e-08
3 10 2.5365853658536586 4.24 70.70000000000002 2.6 3.7 4.5 4.0 4.3 4.4 6.1 6.2 6.4 5.7 5.2 4.2 4.5 3.3 2.9 2.7 2.3777791659748496e-08
3 12 2.5121951219512195 3.65 68.80000000000001 4.1 3.7 5.0 4.2 3.4 4.4 4.1 5.0 4.5 4.7 4.6 4.8 4.1 3.2 4.5 4.5 2.2800249493293565e-08
3 14 2.710526315789474 2.44 71.89999999999999 3.8 4.9 4.2 4.4 4.9 4.3 4.6 4.9 4.7 4.4 4.4 4.9 4.7 4.5 4.6 3.7 2.2960654430380003e-08
3 15 2.7837837837837838 1.89 71.8 4.6 4.3 4.5 4.2 4.5 5.2 4.4 4.4 4.8 4.9 4.7 4.5 4.7 3.7 4.3 4.1 2.2899278869511218e-08
4 3 1.864864864864865 25.68 85.60000000000001 5.8 3.2 0.0 15.0 8.9 1.2 9.1 3.8 0.0 9.7 14.7 1.7 0.0 0.0 0.0 12.5 2.364703388057454e-08
4 4 2.2419354838709675 14.56 82.7 2.4 18.4 9.6 7.8 4.2 2.6 5.2 4.7 11.4 0.3 5.8 0.0 0.0 0.0 6.5 3.8 2.374502888220641e-08
4 6 2.6538461538461537 9.8 76.60000000000001 3.6 8.2 6.2 0.0 6.0 3.6 3.1 0.0 6.7 3.0 2.7 9.2 1.7 8.6 1.9 12.1 2.3514651764217507e-08
4 7 2.875 7.64 74.39999999999998 1.0 6.1 5.0 8.6 7.7 6.5 6.4 7.7 11.2 3.8 0.8 1.6 1.8 3.6 1.1 1.5 2.335747954389795e-08
4 9 2.5555555555555554 10.79 70.39999999999999 0.9 1.6 1.5 3.1 4.2 3.4 5.6 6.3 9.0 6.3 6.3 5.5 4.9 5.4 3.9 2.5 2.3851192625872706e-08
4 10 2.5272727272727273 10.71 70.19999999999999 3.4 1.9 2.7 3.3 5.0 4.6 5.4 6.0 5.1 6.7 6.5 5.3 3.4 4.4 3.2 3.3 2.34520249684713e-08
4 12 2.5925925925925926 10.77 69.9 2.4 3.5 4.3 4.7 4.7 4.4 5.0 4.2 4.7 5.2 4.4 4.9 4.3 4.8 4.7 3.7 2.40759211309532e-08
4 14 2.7254901960784315 8.88 71.7 4.6 4.6 4.8 4.1 4.5 4.4 4.0 4.3 4.6 3.9 4.5 5.2 4.5 4.5 4.2 5.0 2.3442970440696096e-08
4 15 2.74 9.5 72.1 4.2 4.7 4.6 4.7 4.1 4.4 4.3 4.3 4.3 4.6 4.6 4.3 5.5 4.5 4.5 4.5 2.3323442732703373e-08
5 3 1.9 28.93 86.3 0.0 9.1 3.1 0.0 3.5 2.6 0.0 0.0 14.7 3.5 0.0 0.0 0.0 16.1 18.2 15.5 2.3899383213195815e-08
5 4 2.2467532467532467 27.87 82.60000000000001 1.6 2.9 2.7 2.7 3.4 8.9 14.7 13.0 11.7 0.0 1.3 2.3 0.0 12.2 0.0 5.2 2.4128166708470867e-08
5 6 2.746031746031746 16.36 78.5 1.6 5.7 7.1 10.4 11.8 7.4 7.2 6.4 8.1 4.1 1.7 0.0 0.4 2.8 3.6 0.2 2.3811950647599128e-08
5 7 2.85 14.99 73.8 2.8 3.1 4.5 7.7 3.1 10.4 3.6 4.2 6.0 4.6 5.4 0.8 9.8 0.7 2.5 4.6 2.3906590781071678e-08
5 9 2.573529411764706 17.48 69.8 0.8 2.7 3.5 3.4 3.7 4.5 5.1 6.3 8.6 5.6 5.1 4.5 4.9 4.0 4.5 2.6 2.417625250321762e-08
5 10 2.5588235294117645 17.47 71.5 1.7 3.0 4.4 3.7 4.7 3.6 5.8 5.7 7.0 5.3 4.1 5.0 4.8 5.7 4.2 2.8 2.4186404786095033e-08
5 12 2.6307692307692307 16.12 71.5 2.7 4.0 3.9 4.0 3.9 5.0 5.3 4.9 6.2 5.0 5.1 4.5 4.8 5.2 3.9 3.1 2.4024734979199994e-08
5 14 2.7777777777777777 16.5 72.9 4.6 3.8 4.7 4.4 4.5 4.5 4.7 5.2 4.5 5.0 4.6 3.9 4.8 4.7 4.5 4.5 2.4101783003245496e-08
5 15 2.7301587301587302 16.14 73.30000000000001 4.5 4.5 5.1 4.6 4.5 4.3 5.1 4.7 4.5 4.6 4.5 4.4 4.5 4.6 4.4 4.5 2.384446502679523e-08
6 3 1.9351851851851851 55.27 87.3 0.0 0.1 17.2 0.0 2.9 0.0 0.0 0.0 0.0 14.4 0.0 0.0 13.1 16.4 19.0 4.2 2.43904040996978e-08
6 4 2.2888888888888888 29.05 84.2 1.4 7.0 2.3 9.4 12.7 3.2 14.3 0.1 1.8 6.9 0.9 7.5 0.8 0.1 0.9 14.9 2.414187713936953e-08
6 6 2.76 27.38 77.8 2.9 10.7 7.7 1.1 5.4 2.2 5.7 6.7 8.5 0.0 6.3 3.4 1.5 5.3 4.6 5.8 2.433968582238322e-08
6 7 2.9571428571428573 21.88 76.6 0.0 10.0 3.9 5.2 6.4 6.7 6.6 9.7 8.2 2.9 4.8 2.7 4.6 1.7 3.1 0.1 2.4028498555951827e-08
6 9 2.5625 27.24 71.1 1.6 1.8 3.6 3.9 4.0 5.0 5.6 6.1 6.6 7.6 5.3 5.8 5.3 4.0 2.5 2.4 2.4086945216161844e-08
6 10 2.5555555555555554 28.56 70.8 2.4 3.0 3.1 4.2 3.7 5.4 5.9 5.5 6.7 5.3 5.2 5.0 4.4 4.0 3.0 4.0 2.411086748636227e-08
6 12 2.6794871794871793 25.75 73.8 2.6 4.4 4.3 4.1 5.1 4.4 5.6 4.6 6.2 4.9 5.1 4.8 4.8 4.8 4.5 3.6 2.4475901248046606e-08
6 14 2.835616438356164 25.25 75.19999999999999 4.2 4.4 4.3 4.6 4.8 4.7 5.1 5.0 4.8 5.6 5.3 4.5 4.6 4.7 4.6 4.0 2.441195825733347e-08
6 15 2.9027777777777777 21.42 74.19999999999999 4.5 4.6 4.5 4.6 4.3 4.8 4.3 4.6 4.9 4.7 4.8 4.3 4.9 4.6 5.1 4.7 2.4247462062889884e-08
7 3 1.921259842519685 64.82 87.5 0.0 0.0 1.9 5.7 5.3 15.5 0.0 3.5 6.3 0.0 21.5 0.0 3.5 0.0 0.3 24.0 2.454825773977572e-08
7 4 2.3365384615384617 41.21 84.00000000000001 1.1 4.6 6.5 2.2 14.5 12.1 13.4 9.5 9.3 1.2 0.0 0.0 4.0 0.0 4.4 1.2 2.4444200936894866e-08
7 6 2.772727272727273 27.88 80.10000000000001 3.9 1.5 6.2 9.2 7.2 14.4 4.4 4.1 5.7 9.1 2.5 3.0 1.5 0.0 4.0 3.4 2.4501463989003793e-08
7 7 2.9390243902439024 27.98 76.2 1.6 3.9 6.7 7.7 5.6 8.4 5.6 7.3 6.7 5.2 2.9 2.4 3.7 0.4 2.0 6.1 2.423197956654499e-08
7 9 2.5425531914893615 30.49 70.6 0.7 2.2 3.3 3.8 4.8 4.8 5.2 6.7 9.6 5.9 4.9 5.1 4.4 3.7 3.6 1.9 2.4361862881626606e-08
7 10 2.6021505376344085 30.27 72.69999999999999 0.9 3.0 4.1 4.2 3.8 5.0 5.6 6.2 8.4 5.5 5.3 5.3 4.9 4.4 3.8 2.3 2.4586168849608566e-08
7 12 2.6777777777777776 29.46 72.30000000000001 3.7 4.2 4.7 4.6 4.6 4.3 4.6 5.1 5.3 4.7 5.0 4.8 5.1 4.2 4.2 3.2 2.4382311478474452e-08
7 14 2.869047619047619 28.73 76.5 4.3 4.3 4.8 4.0 4.9 5.2 4.9 5.3 5.1 4.1 5.0 5.0 5.0 5.2 4.9 4.5 2.440294950239215e-08
7 15 2.857142857142857 26.51 74.1 4.3 4.5 4.7 4.5 4.6 4.5 4.4 4.6 4.8 4.9 4.6 4.8 4.9 4.7 4.6 4.7 2.4210181478626483e-08
8 3 1.93006993006993 69.54 87.6 2.5 5.9 2.1 5.1 11.2 5.6 0.3 5.8 0.6 12.9 0.0 3.3 2.1 5.7 20.5 4.0 2.4569850427706818e-08
8 4 2.3389830508474576 60.15 84.0 2.3 14.8 12.2 10.7 2.6 0.7 0.0 0.0 14.9 0.4 2.1 0.0 8.1 10.7 4.1 0.4 2.4539087522807717e-08
8 6 2.772277227722772 35.08 78.9 2.2 6.6 4.3 6.5 3.3 3.9 7.1 7.9 9.6 1.9 7.1 2.6 7.3 4.8 1.4 2.4 2.4562974756480405e-08
8 7 2.946236559139785 30.27 77.4 1.9 9.4 5.0 4.4 3.3 2.7 4.8 7.8 8.6 2.1 5.1 4.8 5.6 5.3 4.7 1.9 2.4621169354518368e-08
8 9 2.5794392523364484 43.78 71.39999999999999 1.7 2.5 2.9 4.7 4.6 5.0 5.8 6.4 7.7 5.6 5.9 4.6 4.8 4.1 3.3 1.8 2.4480734365944627e-08
8 10 2.5833333333333335 39.32 72.2 1.9 3.5 3.6 4.4 5.1 5.2 6.1 6.1 6.4 6.1 5.3 4.7 4.3 4.6 2.9 2.0 2.46586925333576e-08
8 12 2.5277777777777777 48.88 68.7 1.9 3.5 4.1 3.9 4.6 4.3 4.0 5.2 6.1 5.0 4.9 4.4 4.1 4.7 4.2 3.8 2.446788944294238e-08
8 14 2.845360824742268 34.01 75.9 4.5 4.5 4.7 4.4 4.3 4.8 4.9 5.0 5.1 4.6 5.2 5.0 4.8 4.5 5.0 4.6 2.4410660434595814e-08
8 15 2.9157894736842107 31.39 73.5 4.3 4.6 4.7 4.4 4.3 4.3 4.8 4.6 4.5 4.5 4.7 4.9 4.9 4.5 5.0 4.5 2.4488892317495623e-08
1 3 0.9722222222222222 0.64 34.4 0.0 3.4 0.0 0.0 10.1 8.6 1.2 4.1 0.0 0.0 0.0 0.9 2.0 0.0 0.0 4.1 2.251632214012034e-08
1 4 1.0 0.49 27.1 0.0 0.0 4.5 1.3 0.9 0.9 3.4 4.1 2.2 3.7 0.0 1.2 4.8 0.1 0.0 0.0 2.3573219566839857e-08
1 6 1.0 0.46 56.2 4.4 0.0 0.0 4.6 5.2 5.5 0.0 0.0 4.9 9.0 9.0 2.6 0.0 0.0 2.2 8.8 2.340352673562458e-08
1 7 0.9722222222222222 0.45 3.7 0.0 0.4 0.0 0.0 0.0 0.0 0.4 0.4 0.4 0.0 0.4 0.4 1.3 0.0 0.0 0.0 2.2606961981431876e-08
1 9 1.0 0.49 5.300000000000001 0.1 0.1 0.0 0.3 0.6 0.4 0.4 0.4 1.2 0.2 0.4 0.2 0.3 0.1 0.4 0.2 2.3713569669994556e-08
1 10 1.0 0.5 3.499999999999999 0.3 0.3 0.3 0.3 0.0 0.0 0.3 0.8 0.0 0.0 0.3 0.0 0.3 0.3 0.3 0.0 2.384236468386422e-08
1 12 1.0 0.42 7.1000000000000005 0.4 0.3 0.0 0.5 0.4 0.5 0.6 0.6 0.5 0.5 1.1 0.3 0.5 0.4 0.2 0.3 2.2981530329551402e-08
1 14 1.0 0.46 3.400000000000001 0.1 0.2 0.7 0.2 0.2 0.2 0.2 0.2 0.2 0.2 0.2 0.2 0.2 0.2 0.0 0.2 2.3133308602041328e-08
1 15 1.0 0.45 3.5 0.2 0.2 0.1 0.2 0.1 0.2 0.2 0.2 0.2 0.2 0.2 0.2 0.7 0.2 0.2 0.2 2.3144640489850387e-08
2 3 1.8421052631578947 2.16 84.2 0.0 0.0 11.8 0.0 6.8 0.0 14.8 11.5 18.3 8.3 12.7 0.0 0.0 0.0 0.0 0.0 2.325793943401179e-08
2 4 1.9714285714285715 0.65 74.8 3.0 11.1 6.1 0.0 0.0 3.2 4.9 5.6 19.3 0.0 0.0 0.3 12.6 1.8 0.0 6.9 2.3251649494682173e-08
2 6 1.9714285714285715 0.49 55.7 0.2 4.3 5.1 3.0 5.0 8.7 2.8 3.2 6.4 0.1 0.0 7.8 4.4 0.0 1.0 3.7 2.286576261667506e-08
2 7 1.9444444444444444 0.49 49.199999999999996 1.6 0.2 1.0 6.2 5.9 4.1 5.0 6.4 4.5 5.5 4.4 1.5 0.4 2.2 0.3 0.0 2.3034840701541274e-08
2 9 1.9714285714285715 0.54 57.900000000000006 2.7 2.9 3.0 0.7 2.9 3.8 3.6 5.1 3.9 4.0 4.6 9.0 4.2 3.0 2.5 2.0 2.3424884254552584e-08
2 10 1.9714285714285715 0.52 55.6 2.5 2.6 3.3 3.0 2.6 3.8 4.3 4.3 4.8 3.5 4.4 4.5 4.9 3.5 1.7 1.9 2.3441132695054157e-08
2 12 1.9714285714285715 0.49 52.099999999999994 1.6 1.7 3.8 2.9 3.4 2.9 4.0 3.9 4.7 3.1 3.8 3.4 4.1 3.4 2.8 2.6 2.334879464375003e-08
2 14 1.9714285714285715 0.53 58.3 3.8 3.7 4.8 4.0 3.3 3.6 3.5 3.4 4.0 3.8 3.1 3.4 3.1 3.3 3.8 3.7 2.3377912938826743e-08
2 15 1.9714285714285715 0.41 45.4 2.9 2.3 2.8 2.6 2.9 2.9 2.9 2.8 2.8 3.6 2.7 2.8 3.0 2.9 2.8 2.7 2.320157145772685e-08
3 3 1.8727272727272728 13.48 86.80000000000001 1.1 0.0 3.6 0.0 0.0 0.1 0.0 0.0 12.9 5.1 9.7 0.0 27.7 26.6 0.0 0.0 2.3783540569076603e-08
3 4 2.260869565217391 6.47 81.1 5.1 0.0 0.3 1.8 2.1 11.6 13.4 3.7 8.1 1.3 0.0 22.1 0.0 6.0 1.5 4.1 2.340918666639571e-08
3 6 2.641025641025641 2.82 75.5 5.3 2.3 11.0 3.0 6.2 4.0 0.0 6.5 0.1 7.8 0.1 4.3 1.3 4.7 15.9 3.0 2.3378265405420665e-08
3 7 2.810810810810811 1.61 74.9 4.0 4.4 0.0 6.5 2.1 4.0 9.3 6.3 6.2 5.6 12.2 1.1 5.4 5.7 0.0 2.1 2.298017031920596e-08
3 9 2.4761904761904763 4.47 67.99999999999999 1.5 1.8 2.3 3.0 3.8 4.2 6.7 6.4 7.8 6.5 5.9 4.7 4.1 3.9 3.3 2.1 2.3273495300269962e-08
3 10 2.5 4.15 69.89999999999999 2.2 2.6 3.6 3.9 3.3 5.0 4.6 5.4 6.8 6.2 4.5 4.8 6.1 4.0 4.1 2.8 2.3486430789616757e-08
3 12 2.5121951219512195 4.13 69.0 3.9 3.4 3.8 4.1 3.6 3.3 4.8 5.1 5.0 4.5 4.4 5.2 5.4 4.8 4.5 3.2 2.337568694166237e-08
3 14 2.6 2.98 70.4 3.3 4.7 4.6 4.4 4.4 4.5 4.3 4.6 4.1 4.5 4.7 4.6 4.7 4.5 4.1 4.4 2.3067947552135596e-08
3 15 2.810810810810811 1.6 70.5 4.5 4.6 4.3 4.9 4.4 4.0 4.6 4.6 4.3 4.6 4.4 3.7 4.3 4.2 4.5 4.6 2.314716466548509e-08
4 3 1.8904109589041096 24.84 86.79999999999998 0.0 1.0 6.6 9.0 17.2 8.8 0.0 0.0 0.0 0.0 9.2 16.4 10.3 7.2 1.1 0.0 2.3805247575301237e-08
4 4 2.2580645161290325 14.47 82.60000000000001 3.5 15.5 0.0 1.8 5.3 20.5 5.3 10.0 16.0 1.2 0.0 0.0 0.0 3.5 0.0 0.0 2.3773765751721226e-08
4 6 2.6862745098039214 8.83 75.9 2.2 9.1 3.0 3.3 11.2 11.3 11.4 8.2 1.1 2.1 3.3 5.7 3.4 0.0 0.0 0.6 2.3171195681136266e-08
4 7 2.9361702127659575 7.74 74.0 3.1 3.3 2.8 4.0 7.2 7.9 0.0 4.5 7.0 3.9 3.0 5.9 0.2 2.1 13.5 5.6 2.3406687462961314e-08
4 9 2.4909090909090907 10.91 68.2 0.7 2.1 2.9 3.0 3.0 4.4 5.4 6.1 9.2 5.7 5.3 5.5 5.5 4.1 3.6 1.7 2.3306053652628514e-08
4 10 2.4909090909090907 10.85 68.3 3.3 3.6 3.4 3.6 4.5 3.7 5.2 5.2 5.2 5.3 4.7 4.4 4.5 6.0 3.6 2.1 2.3192874691475983e-08
4 12 2.641509433962264 10.47 72.6 3.4 3.7 4.0 4.8 4.6 4.8 4.5 5.1 6.3 4.6 5.2 4.8 4.2 4.5 4.0 4.1 2.405464801705867e-08
4 14 2.74 8.32 71.6 3.9 4.3 4.2 3.9 5.1 4.8 4.2 3.8 5.0 4.4 4.3 4.5 4.6 4.6 4.2 5.8 2.3273652338673404e-08
4 15 2.8541666666666665 7.81 75.8 4.2 4.9 4.7 4.9 4.5 4.6 4.5 4.9 5.0 4.6 4.7 4.8 5.0 5.2 4.7 4.6 2.3828522134173934e-08
5 3 1.89010989010989 30.18 86.1 0.4 0.0 10.8 1.8 10.3 0.0 0.0 6.9 5.9 20.7 2.6 7.7 5.7 0.3 0.0 13.0 2.3986477761293553e-08
5 4 2.28 27.32 82.9 0.0 0.0 0.0 17.6 0.5 0.0 3.1 19.7 0.3 19.2 0.0 6.5 12.7 0.0 3.3 0.0 2.4022445070196838e-08
5 6 2.734375 15.96 78.50000000000001 0.6 4.2 0.9 5.0 7.0 11.5 8.5 1.7 7.2 6.0 9.1 3.7 3.4 0.0 1.4 8.3 2.401252460759729e-08
5 7 2.9491525423728815 15.42 76.0 0.1 2.6 3.1 4.5 7.7 6.9 2.1 8.7 13.6 5.0 3.9 5.7 1.7 3.0 7.1 0.3 2.3847424223668067e-08
5 9 2.536231884057971 19.24 70.7 0.8 2.8 4.3 4.1 4.4 5.5 5.4 6.7 8.5 5.6 4.5 4.9 4.4 3.5 3.5 1.8 2.4225984825295494e-08
5 10 2.5441176470588234 17.22 70.6 2.8 3.4 4.1 4.2 5.3 4.5 6.2 6.2 5.8 5.2 5.1 4.9 3.8 4.0 3.3 1.8 2.3817817652789757e-08
5 12 2.6307692307692307 16.14 70.2 3.1 5.1 3.9 4.4 5.4 4.4 5.0 5.1 5.1 4.2 4.3 4.5 4.0 4.1 3.6 4.0 2.36380385351035e-08
5 14 2.761904761904762 16.1 72.60000000000001 4.1 4.6 4.4 4.5 4.2 4.2 4.8 4.5 5.1 4.5 4.7 4.6 5.0 4.9 4.4 4.1 2.4259496203996842e-08
5 15 2.8360655737704916 16.98 73.30000000000001 4.1 4.7 4.7 4.6 4.8 4.5 4.5 4.4 4.7 4.6 5.0 4.5 4.9 4.4 4.4 4.5 2.4009650369864224e-08
6 3 1.9345794392523366 55.07 87.20000000000002 0.1 0.0 3.3 0.1 0.0 16.8 6.1 14.7 23.7 0.2 1.9 12.7 3.5 1.4 0.0 2.7 2.4331413311980668e-08
6 4 2.2777777777777777 28.78 84.4 0.3 9.4 6.9 2.7 2.3 3.9 5.2 6.5 13.1 9.4 4.7 0.0 0.0 5.6 1.9 12.5 2.4484480859766513e-08
6 6 2.7466666666666666 26.78 77.99999999999999 4.0 7.6 6.4 10.5 5.3 5.9 9.3 1.4 7.2 0.3 2.1 0.4 5.7 0.8 6.6 4.5 2.4076211246892857e-08
6 7 2.942857142857143 20.21 75.7 0.4 7.6 4.4 6.3 4.8 6.9 7.0 7.6 10.1 4.6 3.6 1.6 4.7 2.6 0.8 2.7 2.3941432963121252e-08
6 9 2.5308641975308643 26.68 70.4 0.5 2.1 2.9 2.4 2.8 4.9 4.8 6.3 10.0 5.8 5.4 5.8 5.5 4.4 3.9 2.9 2.4202316817323328e-08
6 10 2.548780487804878 27.67 70.2 1.8 2.5 3.6 4.3 4.1 4.2 4.3 5.6 7.8 5.4 4.7 5.8 4.7 3.9 4.3 3.2 2.4251051031819222e-08
6 12 2.688311688311688 25.81 72.6 3.3 4.4 4.3 5.2 4.3 4.6 5.2 4.5 4.3 4.5 4.7 3.9 4.1 5.1 4.7 5.5 2.4038349377409078e-08
6 14 2.7733333333333334 27.25 72.70000000000002 3.8 4.3 4.7 4.3 4.7 4.5 5.0 4.3 4.3 4.7 4.6 5.0 4.6 5.3 4.7 3.9 2.422388275154693e-08
6 15 2.863013698630137 21.59 74.2 4.5 4.8 4.0 4.8 4.9 4.7 4.7 4.5 4.8 4.7 4.8 4.7 4.6 4.2 4.9 4.6 2.4222598964670027e-08
7 3 1.928 60.08 87.60000000000001 0.0 9.1 20.0 7.3 4.9 26.2 5.4 4.0 0.0 0.0 0.9 2.2 5.6 0.1 1.9 0.0 2.4442876878083557e-08
7 4 2.2523364485981308 40.92 82.49999999999999 3.1 2.9 1.1 9.0 11.7 6.6 6.3 3.6 9.4 4.2 4.9 5.5 2.5 0.0 5.1 6.6 2.4481913485052275e-08
7 6 2.7386363636363638 27.81 79.10000000000001 4.9 4.2 6.9 4.0 6.0 10.3 4.7 7.2 2.9 5.1 2.8 5.5 4.3 1.9 6.7 1.7 2.452259340673627e-08
7 7 3.0 28.37 77.30000000000001 1.0 7.3 6.8 6.4 3.0 4.4 9.0 7.3 7.1 5.2 2.6 2.2 7.8 5.4 0.6 1.2 2.4507006424201456e-08
7 9 2.5416666666666665 31.52 70.4 0.5 1.7 2.8 4.4 4.1 5.2 5.9 6.3 9.0 7.0 5.3 4.8 4.2 4.2 2.6 2.4 2.4495258136673456e-08
7 10 2.557894736842105 30.96 71.10000000000001 1.3 3.1 4.4 4.3 5.1 5.5 5.5 6.2 7.3 5.3 5.2 5.1 3.9 3.9 3.1 1.9 2.4365456552961984e-08
7 12 2.6666666666666665 29.05 72.5 2.7 4.4 4.2 4.7 4.3 4.1 5.0 5.2 5.7 4.7 5.0 4.8 5.1 4.3 4.3 4.0 2.4334708075773257e-08
7 14 2.802325581395349 28.43 75.89999999999999 4.6 4.4 3.9 4.4 5.0 4.2 4.7 5.1 4.9 5.1 5.2 4.9 4.8 5.0 4.9 4.8 2.4179745027924513e-08
7 15 2.9047619047619047 26.13 72.9 4.7 4.4 4.4 4.5 4.7 4.6 4.1 4.5 4.5 4.2 4.9 4.7 4.7 4.6 4.9 4.5 2.429767868387482e-08
8 3 1.9640287769784173 68.73 88.1 1.1 7.6 0.0 0.2 21.8 0.0 0.0 5.2 3.1 8.2 4.9 25.2 2.1 0.0 4.0 4.7 2.4707715422736975e-08
8 4 2.308333333333333 64.72 84.50000000000001 3.2 5.4 2.5 6.1 10.2 13.9 1.2 0.0 9.0 4.5 0.0 0.6 2.7 3.3 11.0 10.9 2.4605430655929204e-08
8 6 2.79 34.74 79.3 6.2 4.7 4.8 0.9 5.3 2.5 11.8 5.3 4.3 2.6 6.8 8.7 5.3 6.2 0.2 3.7 2.4729291117659152e-08