1 3000m 1.0 0.0 0.30000000000000004 0.0 0.2 0.1 0.0 0.0 0.0 0.0 0.0 0.0 0.0 0.0 0.0 0.0 0.0 0.0 0.0 2.3209015661710255e-09
1 6000m 0.9714285714285714 0.0 0.0 0.0 0.0 0.0 0.0 0.0 0.0 0.0 0.0 0.0 0.0 0.0 0.0 0.0 0.0 0.0 0.0 2.317044334176899e-09
1 9000m 1.0 0.0 0.0 0.0 0.0 0.0 0.0 0.0 0.0 0.0 0.0 0.0 0.0 0.0 0.0 0.0 0.0 0.0 0.0 2.3206084672925244e-09
1 12000m 1.0 0.0 0.0 0.0 0.0 0.0 0.0 0.0 0.0 0.0 0.0 0.0 0.0 0.0 0.0 0.0 0.0 0.0 0.0 2.3123268379419775e-09
1 15000m 1.0 0.0 0.0 0.0 0.0 0.0 0.0 0.0 0.0 0.0 0.0 0.0 0.0 0.0 0.0 0.0 0.0 0.0 0.0 2.3218785624326956e-09
5 3000m 4.942857142857143 0.0 0.7000000000000001 0.0 0.1 0.0 0.1 0.1 0.0 0.0 0.1 0.2 0.1 0.0 0.0 0.0 0.0 0.0 0.0 2.3169352151139073e-09
5 6000m 4.9714285714285715 0.0 0.4 0.0 0.0 0.0 0.1 0.0 0.0 0.0 0.0 0.0 0.0 0.1 0.1 0.0 0.0 0.1 0.0 2.3179375879018545e-09
5 9000m 4.942857142857143 0.0 0.2 0.0 0.0 0.1 0.1 0.0 0.0 0.0 0.0 0.0 0.0 0.0 0.0 0.0 0.0 0.0 0.0 2.3208470066395296e-09
5 12000m 4.914285714285715 0.0 0.0 0.0 0.0 0.0 0.0 0.0 0.0 0.0 0.0 0.0 0.0 0.0 0.0 0.0 0.0 0.0 0.0 2.3128884428595435e-09
5 15000m 5.0 0.0 0.1 0.0 0.0 0.0 0.1 0.0 0.0 0.0 0.0 0.0 0.0 0.0 0.0 0.0 0.0 0.0 0.0 2.3171268078873e-09
10 3000m 9.771428571428572 0.0 1.7000000000000002 0.0 0.3 0.0 0.4 0.0 0.2 0.1 0.1 0.1 0.0 0.1 0.0 0.3 0.0 0.0 0.1 2.319535413415211e-09
10 6000m 9.914285714285715 0.0 0.8 0.2 0.0 0.2 0.0 0.0 0.0 0.0 0.0 0.0 0.0 0.0 0.0 0.2 0.0 0.2 0.0 2.319918113822523e-09
10 9000m 9.742857142857142 0.0 0.6 0.1 0.0 0.0 0.0 0.0 0.0 0.0 0.0 0.0 0.1 0.0 0.1 0.1 0.0 0.1 0.1 2.3179591579491902e-09
10 12000m 9.771428571428572 0.0 0.4 0.1 0.0 0.0 0.0 0.0 0.0 0.0 0.0 0.0 0.1 0.0 0.1 0.0 0.0 0.0 0.1 2.3179027324966445e-09
10 15000m 9.857142857142858 0.0 0.30000000000000004 0.0 0.0 0.0 0.0 0.1 0.0 0.0 0.0 0.0 0.0 0.0 0.0 0.0 0.0 0.2 0.0 2.319332960981309e-09
15 3000m 14.685714285714285 0.0 2.3000000000000003 0.1 0.4 0.0 0.1 0.2 0.2 0.6 0.2 0.0 0.0 0.2 0.2 0.1 0.0 0.0 0.0 2.320683514637147e-09
15 6000m 14.714285714285714 0.0 1.2 0.1 0.0 0.0 0.0 0.0 0.0 0.0 0.2 0.0 0.1 0.1 0.2 0.3 0.0 0.2 0.0 2.3220144761219623e-09
15 9000m 14.657142857142857 0.0 0.6 0.0 0.0 0.0 0.1 0.0 0.0 0.1 0.0 0.1 0.0 0.1 0.0 0.0 0.1 0.1 0.0 2.326865497667207e-09
15 12000m 14.857142857142858 0.0 0.30000000000000004 0.0 0.0 0.0 0.0 0.2 0.0 0.0 0.0 0.0 0.0 0.1 0.0 0.0 0.0 0.0 0.0 2.321100771902301e-09
15 15000m 14.628571428571428 0.0 0.30000000000000004 0.0 0.1 0.0 0.0 0.0 0.0 0.0 0.0 0.0 0.1 0.0 0.0 0.0 0.1 0.0 0.0 2.3248844119702234e-09
