
1 15000m 1 1 50 3.2000000000000006 0.2 0.2 0.2 0.2 0.2 0.2 0.2 0.2 0.2 0.2 0.2 0.2 0.2 0.2 0.2 0.2
1 15000m 3 3 78 4.799999999999999 0.3 0.3 0.3 0.3 0.3 0.3 0.3 0.3 0.3 0.3 0.3 0.3 0.3 0.3 0.3 0.3
1 15000m 5 5 105 8.0 0.5 0.5 0.5 0.5 0.5 0.5 0.5 0.5 0.5 0.5 0.5 0.5 0.5 0.5 0.5 0.5
1 15000m 7 7 132 11.099999999999998 0.7 0.7 0.7 0.7 0.6 0.7 0.7 0.7 0.7 0.7 0.7 0.7 0.7 0.7 0.7 0.7
1 15000m 10 10 154 14.300000000000004 0.9 0.8 0.9 0.9 0.9 0.9 0.9 0.9 0.9 0.9 0.9 0.9 0.9 0.9 0.9 0.9
1 15000m 13 13 182 17.9 1.1 1.2 1.1 1.1 1.1 1.1 1.2 1.1 1.1 1.2 1.0 1.1 1.1 1.1 1.2 1.1
3 15000m 1 1 382 9.599999999999998 0.6 0.6 0.6 0.6 0.6 0.6 0.6 0.6 0.6 0.6 0.6 0.6 0.6 0.6 0.6 0.6
3 15000m 3 3 585 15.700000000000001 1.0 0.9 1.0 1.0 1.0 1.0 1.0 0.9 1.0 1.0 1.0 0.9 1.0 1.0 1.0 1.0
3 15000m 5 5 787 22.599999999999998 1.4 1.4 1.4 1.4 1.4 1.4 1.4 1.4 1.4 1.4 1.4 1.5 1.4 1.5 1.4 1.4
3 15000m 7 7 989 30.59999999999999 1.9 2.0 1.9 1.9 1.9 1.9 1.9 1.9 1.9 1.9 1.9 1.9 1.9 1.9 2.0 1.9
3 15000m 10 20 1189 40.4 2.5 2.5 2.6 2.5 2.6 2.5 2.6 2.4 2.6 2.5 2.5 2.5 2.5 2.5 2.6 2.5
3 15000m 13 26 1393 50.90000000000001 3.2 3.1 3.2 3.1 3.2 3.2 3.2 3.3 3.1 3.2 3.2 3.2 3.2 3.2 3.1 3.2
5 15000m 1 2 1786 14.800000000000002 1.0 0.9 0.9 1.0 1.0 0.9 0.9 0.9 0.9 0.9 0.9 0.9 1.0 0.9 0.9 0.9
5 15000m 3 6 2179 25.1 1.6 1.6 1.6 1.6 1.6 1.5 1.5 1.6 1.6 1.6 1.6 1.5 1.5 1.6 1.5 1.6
5 15000m 5 10 2572 35.4 2.3 2.2 2.2 2.2 2.2 2.2 2.2 2.2 2.2 2.2 2.2 2.2 2.2 2.3 2.2 2.2
5 15000m 7 14 2967 48.400000000000006 3.1 3.0 3.0 3.0 3.0 3.0 3.0 3.0 3.0 3.0 3.1 3.1 3.0 3.1 3.0 3.0
5 15000m 10 30 3362 64.2 4.0 4.0 4.0 4.0 4.0 4.0 4.0 4.0 4.0 4.1 4.1 4.0 4.0 4.0 4.0 4.0
5 15000m 13 39 3760 80.60000000000001 5.0 5.0 5.0 5.1 5.0 5.0 5.0 5.1 5.1 5.1 5.0 5.1 5.1 5.0 5.0 5.0
7 15000m 1 3 4346 19.299999999999994 1.2 1.2 1.2 1.3 1.2 1.2 1.2 1.2 1.2 1.2 1.2 1.2 1.2 1.2 1.2 1.2
7 15000m 3 9 4945 35.199999999999996 2.2 2.2 2.2 2.2 2.2 2.2 2.2 2.2 2.2 2.2 2.2 2.2 2.2 2.2 2.2 2.2
7 15000m 5 15 5535 49.20000000000001 3.1 3.1 3.1 3.1 3.1 3.1 3.0 3.1 3.1 3.1 3.1 3.0 3.1 3.0 3.1 3.0
7 15000m 7 21 6127 63.8 3.9 4.0 4.0 3.9 4.0 4.0 4.1 4.0 4.0 4.0 4.0 4.0 4.0 3.9 4.0 4.0
7 15000m 10 40 6715 86.60000000000002 5.4 5.4 5.4 5.4 5.4 5.4 5.4 5.5 5.4 5.5 5.4 5.4 5.4 5.4 5.4 5.4
7 15000m 13 52 7109 97.99999999999997 6.1 6.1 6.1 6.1 6.2 6.2 6.2 6.1 6.1 6.2 6.1 6.1 6.1 6.1 6.1 6.1
9 15000m 1 4 7896 25.400000000000006 1.6 1.5 1.6 1.6 1.5 1.6 1.6 1.6 1.6 1.6 1.6 1.6 1.6 1.6 1.6 1.6
9 15000m 3 12 8688 42.30000000000002 2.6 2.7 2.6 2.6 2.6 2.7 2.6 2.6 2.7 2.6 2.6 2.6 2.7 2.7 2.7 2.7
9 15000m 5 20 9474 60.999999999999986 3.8 3.8 3.8 3.8 3.9 3.8 3.8 3.8 3.9 3.8 3.8 3.8 3.9 3.8 3.8 3.7
9 15000m 7 28 10262 80.39999999999999 5.1 5.0 5.0 5.0 5.0 5.0 5.0 5.0 5.0 5.1 5.0 5.0 5.1 5.0 5.1 5.0
9 15000m 10 50 10920 99.30000000000003 6.2 6.2 6.2 6.2 6.2 6.2 6.2 6.2 6.2 6.2 6.2 6.2 6.2 6.3 6.2 6.2
9 15000m 13 65 11494 98.80000000000001 6.2 6.2 6.2 6.2 6.1 6.2 6.1 6.2 6.2 6.1 6.2 6.2 6.2 6.2 6.1 6.2
11 15000m 1 5 12482 29.9 1.8 1.9 1.9 1.9 1.9 1.9 1.9 1.9 1.9 1.9 1.8 1.8 1.8 1.9 1.8 1.9
1 14000m 1 1 33 3.2000000000000006 0.2 0.2 0.2 0.2 0.2 0.2 0.2 0.2 0.2 0.2 0.2 0.2 0.2 0.2 0.2 0.2
1 14000m 3 3 61 6.2 0.4 0.4 0.4 0.4 0.4 0.4 0.4 0.4 0.4 0.4 0.4 0.4 0.4 0.3 0.4 0.3
1 14000m 5 5 86 9.2 0.6 0.6 0.6 0.6 0.6 0.6 0.6 0.6 0.5 0.6 0.5 0.6 0.5 0.6 0.6 0.5
1 14000m 7 7 115 11.199999999999998 0.8 0.7 0.7 0.7 0.7 0.7 0.7 0.7 0.7 0.7 0.6 0.7 0.7 0.7 0.7 0.7
1 14000m 10 10 142 15.400000000000002 1.0 0.9 1.0 1.0 1.0 1.0 1.0 0.9 0.9 1.0 1.0 1.0 0.9 0.9 1.0 0.9
1 14000m 13 13 168 19.4 1.2 1.2 1.2 1.3 1.2 1.2 1.2 1.2 1.3 1.2 1.2 1.2 1.1 1.2 1.3 1.2
6 14000m 1 2 660 18.699999999999996 1.1 1.2 1.2 1.2 1.2 1.1 1.2 1.2 1.1 1.1 1.2 1.2 1.2 1.2 1.1 1.2
6 14000m 3 9 1157 31.199999999999996 1.9 2.0 2.0 1.9 1.9 2.0 1.9 1.9 2.0 2.0 2.0 2.0 1.9 2.0 1.9 1.9
6 14000m 5 15 1647 45.39999999999999 2.8 2.8 2.9 2.8 2.8 2.9 2.8 2.8 2.8 2.9 2.9 2.9 2.8 2.8 2.8 2.9
6 14000m 7 28 2146 59.40000000000002 3.7 3.8 3.8 3.7 3.7 3.7 3.7 3.7 3.7 3.7 3.7 3.7 3.7 3.7 3.7 3.7
6 14000m 10 40 2639 80.89999999999999 5.0 5.1 5.1 5.1 5.1 5.1 5.1 5.0 5.0 5.0 5.1 5.0 5.0 5.1 5.1 5.0
6 14000m 13 52 3004 99.20000000000003 6.2 6.2 6.2 6.2 6.2 6.2 6.2 6.2 6.2 6.2 6.2 6.2 6.2 6.2 6.2 6.2
11 14000m 1 5 3990 32.3 2.0 2.0 2.1 2.0 2.1 2.1 2.0 2.0 2.0 2.0 2.0 2.0 2.0 2.0 2.0 2.0
11 14000m 3 15 4980 54.59999999999999 3.4 3.4 3.4 3.4 3.4 3.4 3.5 3.4 3.4 3.4 3.4 3.4 3.4 3.4 3.4 3.5
11 14000m 5 30 5967 79.2 4.9 5.0 5.0 4.9 4.9 5.0 5.0 5.0 4.9 5.0 4.9 4.9 4.9 4.9 5.0 5.0
11 14000m 7 42 6832 98.3 6.1 6.1 6.2 6.2 6.2 6.1 6.2 6.1 6.1 6.2 6.1 6.2 6.1 6.2 6.1 6.1
11 14000m 10 60 7575 99.30000000000003 6.2 6.2 6.2 6.2 6.2 6.2 6.2 6.2 6.3 6.2 6.2 6.2 6.2 6.2 6.2 6.2
11 14000m 13 78 8292 99.20000000000003 6.2 6.2 6.2 6.2 6.2 6.2 6.2 6.2 6.2 6.2 6.2 6.2 6.2 6.2 6.2 6.2
16 14000m 1 7 9778 44.4 2.8 2.7 2.8 2.8 2.7 2.8 2.8 2.8 2.8 2.8 2.8 2.7 2.8 2.8 2.7 2.8
16 14000m 3 21 11258 76.0 4.8 4.8 4.8 4.8 4.7 4.8 4.7 4.7 4.7 4.8 4.8 4.7 4.8 4.7 4.7 4.7
16 14000m 5 40 12649 99.10000000000002 6.2 6.2 6.2 6.2 6.2 6.2 6.2 6.2 6.2 6.2 6.2 6.1 6.2 6.2 6.2 6.2
16 14000m 7 56 13952 99.20000000000003 6.2 6.2 6.2 6.2 6.2 6.2 6.2 6.2 6.2 6.2 6.2 6.2 6.2 6.2 6.2 6.2
16 14000m 10 80 15158 99.20000000000003 6.2 6.2 6.2 6.2 6.2 6.2 6.2 6.2 6.2 6.2 6.2 6.2 6.2 6.2 6.2 6.2
16 14000m 13 91 16300 99.40000000000002 6.2 6.2 6.2 6.2 6.2 6.2 6.3 6.2 6.2 6.2 6.2 6.2 6.3 6.2 6.2 6.2
21 14000m 1 8 18277 54.19999999999998 3.4 3.4 3.4 3.4 3.4 3.4 3.4 3.4 3.4 3.3 3.4 3.4 3.4 3.4 3.4 3.3
21 14000m 3 27 20212 98.09999999999998 6.2 6.2 6.1 6.1 6.1 6.1 6.1 6.2 6.1 6.2 6.2 6.1 6.1 6.1 6.1 6.1
21 14000m 5 45 22077 99.20000000000003 6.2 6.2 6.2 6.2 6.2 6.2 6.2 6.2 6.2 6.2 6.2 6.2 6.2 6.2 6.2 6.2
21 14000m 7 63 23858 99.20000000000003 6.2 6.2 6.2 6.2 6.2 6.2 6.2 6.2 6.2 6.2 6.2 6.2 6.2 6.2 6.2 6.2
21 14000m 10 90 25526 99.20000000000003 6.2 6.2 6.2 6.2 6.2 6.2 6.2 6.2 6.2 6.2 6.2 6.2 6.2 6.2 6.2 6.2
21 14000m 13 104 27084 99.60000000000002 6.2 6.3 6.3 6.3 6.2 6.2 6.2 6.3 6.2 6.2 6.2 6.2 6.2 6.2 6.2 6.2
26 14000m 1 9 29549 64.80000000000001 4.1 4.0 4.0 4.0 4.1 4.1 4.0 4.1 4.0 4.1 4.1 4.0 4.0 4.1 4.1 4.0
26 14000m 3 27 31939 99.20000000000002 6.2 6.2 6.2 6.2 6.2 6.2 6.2 6.3 6.2 6.2 6.2 6.2 6.1 6.2 6.2 6.2
26 14000m 5 45 34238 99.20000000000003 6.2 6.2 6.2 6.2 6.2 6.2 6.2 6.2 6.2 6.2 6.2 6.2 6.2 6.2 6.2 6.2
26 14000m 7 63 36443 99.40000000000002 6.2 6.3 6.2 6.2 6.2 6.2 6.2 6.2 6.2 6.2 6.2 6.3 6.2 6.2 6.2 6.2
26 14000m 10 90 38511 99.20000000000003 6.2 6.2 6.2 6.2 6.2 6.2 6.2 6.2 6.2 6.2 6.2 6.2 6.2 6.2 6.2 6.2
26 14000m 13 117 40466 99.60000000000001 6.2 6.2 6.2 6.3 6.2 6.3 6.2 6.3 6.2 6.2 6.2 6.2 6.2 6.3 6.2 6.2
31 14000m 1 9 43425 74.30000000000003 4.6 4.6 4.7 4.6 4.6 4.6 4.7 4.7 4.7 4.6 4.6 4.7 4.6 4.6 4.7 4.7
31 14000m 3 30 46274 99.20000000000003 6.2 6.2 6.2 6.2 6.2 6.2 6.2 6.2 6.2 6.2 6.2 6.2 6.2 6.2 6.2 6.2
31 14000m 5 50 49007 99.20000000000003 6.2 6.2 6.2 6.2 6.2 6.2 6.2 6.2 6.2 6.2 6.2 6.2 6.2 6.2 6.2 6.2
31 14000m 7 70 51652 99.20000000000003 6.2 6.2 6.2 6.2 6.2 6.2 6.2 6.2 6.2 6.2 6.2 6.2 6.2 6.2 6.2 6.2
31 14000m 10 100 54138 99.40000000000002 6.2 6.2 6.2 6.2 6.2 6.2 6.3 6.3 6.2 6.2 6.2 6.2 6.2 6.2 6.2 6.2
31 14000m 13 117 56518 99.30000000000003 6.2 6.2 6.2 6.2 6.2 6.2 6.3 6.2 6.2 6.2 6.2 6.2 6.2 6.2 6.2 6.2
36 14000m 1 10 59962 84.69999999999999 5.3 5.3 5.3 5.3 5.3 5.3 5.3 5.3 5.3 5.3 5.3 5.3 5.3 5.2 5.3 5.3
36 14000m 3 30 63315 99.20000000000003 6.2 6.2 6.2 6.2 6.2 6.2 6.2 6.2 6.2 6.2 6.2 6.2 6.2 6.2 6.2 6.2
36 14000m 5 50 66516 99.30000000000003 6.2 6.2 6.3 6.2 6.2 6.2 6.2 6.2 6.2 6.2 6.2 6.2 6.2 6.2 6.2 6.2
36 14000m 7 70 69593 99.20000000000003 6.2 6.2 6.2 6.2 6.2 6.2 6.2 6.2 6.2 6.2 6.2 6.2 6.2 6.2 6.2 6.2
36 14000m 10 100 72505 99.30000000000003 6.2 6.2 6.2 6.2 6.2 6.2 6.3 6.2 6.2 6.2 6.2 6.2 6.2 6.2 6.2 6.2
36 14000m 13 117 75273 99.40000000000002 6.2 6.2 6.2 6.2 6.3 6.2 6.3 6.2 6.2 6.2 6.2 6.2 6.2 6.2 6.2 6.2
41 14000m 1 10 79198 95.80000000000001 6.0 6.0 6.0 6.0 6.0 6.0 6.0 6.0 5.9 6.0 6.0 5.9 6.0 6.0 6.0 6.0
41 14000m 3 30 82989 99.60000000000002 6.3 6.3 6.3 6.2 6.2 6.3 6.2 6.2 6.2 6.2 6.2 6.2 6.2 6.2 6.2 6.2
41 14000m 5 50 86636 99.30000000000003 6.2 6.2 6.2 6.3 6.2 6.2 6.2 6.2 6.2 6.2 6.2 6.2 6.2 6.2 6.2 6.2
41 14000m 7 70 90101 99.30000000000003 6.2 6.2 6.2 6.2 6.2 6.2 6.2 6.2 6.2 6.2 6.2 6.3 6.2 6.2 6.2 6.2
41 14000m 10 100 93431 99.40000000000002 6.3 6.2 6.2 6.2 6.2 6.3 6.2 6.2 6.2 6.2 6.2 6.2 6.2 6.2 6.2 6.2
41 14000m 13 130 96592 99.40000000000002 6.2 6.2 6.2 6.2 6.3 6.3 6.2 6.2 6.2 6.2 6.2 6.2 6.2 6.2 6.2 6.2
46 14000m 1 10 100976 98.80000000000001 6.2 6.2 6.2 6.2 6.1 6.2 6.2 6.2 6.2 6.1 6.2 6.1 6.2 6.2 6.2 6.1
46 14000m 3 30 105217 99.40000000000002 6.2 6.3 6.2 6.2 6.2 6.2 6.3 6.2 6.2 6.2 6.2 6.2 6.2 6.2 6.2 6.2
46 14000m 5 50 109317 99.30000000000003 6.2 6.2 6.3 6.2 6.2 6.2 6.2 6.2 6.2 6.2 6.2 6.2 6.2 6.2 6.2 6.2
46 14000m 7 70 113255 99.40000000000002 6.2 6.2 6.2 6.3 6.2 6.2 6.2 6.2 6.2 6.3 6.2 6.2 6.2 6.2 6.2 6.2
46 14000m 10 100 116959 99.40000000000002 6.2 6.2 6.2 6.2 6.2 6.2 6.2 6.2 6.3 6.3 6.2 6.2 6.2 6.2 6.2 6.2
46 14000m 13 130 120528 99.50000000000001 6.2 6.2 6.2 6.3 6.2 6.2 6.2 6.3 6.3 6.2 6.2 6.2 6.2 6.2 6.2 6.2
51 14000m 1 10 125391 99.10000000000002 6.2 6.2 6.2 6.2 6.2 6.2 6.2 6.2 6.2 6.2 6.2 6.2 6.1 6.2 6.2 6.2
51 14000m 3 30 130124 99.60000000000001 6.2 6.2 6.2 6.3 6.2 6.3 6.2 6.2 6.2 6.3 6.2 6.2 6.3 6.2 6.2 6.2
51 14000m 5 50 134684 99.40000000000002 6.2 6.3 6.2 6.2 6.3 6.2 6.2 6.2 6.2 6.2 6.2 6.2 6.2 6.2 6.2 6.2
51 14000m 7 70 139049 99.70000000000002 6.2 6.3 6.3 6.2 6.2 6.3 6.3 6.3 6.2 6.2 6.2 6.2 6.2 6.2 6.2 6.2
51 14000m 10 100 143163 99.60000000000002 6.3 6.2 6.2 6.3 6.2 6.3 6.3 6.2 6.2 6.2 6.2 6.2 6.2 6.2 6.2 6.2
51 14000m 13 130 147137 99.20000000000003 6.2 6.2 6.2 6.2 6.2 6.2 6.2 6.2 6.2 6.2 6.2 6.2 6.2 6.2 6.2 6.2
56 14000m 1 10 152461 99.00000000000003 6.2 6.2 6.1 6.1 6.2 6.2 6.2 6.2 6.2 6.2 6.2 6.2 6.2 6.2 6.2 6.2
56 14000m 3 30 157607 99.20000000000003 6.2 6.2 6.2 6.2 6.2 6.2 6.2 6.2 6.2 6.2 6.2 6.2 6.2 6.2 6.2 6.2
56 14000m 5 50 162597 99.20000000000003 6.2 6.2 6.2 6.2 6.2 6.2 6.2 6.2 6.2 6.2 6.2 6.2 6.2 6.2 6.2 6.2
56 14000m 7 70 167387 99.30000000000003 6.2 6.2 6.2 6.2 6.2 6.2 6.2 6.2 6.2 6.2 6.2 6.2 6.2 6.3 6.2 6.2
-------------------------------------------------------------------------------------------------------

5 15000m 1 8 812 53.899999999999984 3.4 3.4 3.4 3.3 3.4 3.4 3.4 3.3 3.4 3.3 3.3 3.3 3.4 3.4 3.4 3.4
5 15000m 5 30 1209 37.29999999999999 2.4 2.3 2.3 2.3 2.3 2.3 2.3 2.4 2.4 2.3 2.3 2.3 2.4 2.4 2.3 2.3
------------------------------------------------------------------------------------------------------

5 15000m 5 7 1422 53.49999999999999 3.4 3.4 3.3 3.3 3.3 3.3 3.3 3.3 3.3 3.3 3.4 3.4 3.4 3.3 3.4 3.4
5 15000m 10 6 1816 63.8 4.0 4.0 4.0 4.0 4.0 3.9 4.0 4.0 4.0 4.0 4.0 3.9 4.0 4.1 4.0 3.9
5 15000m 15 5 2207 90.80000000000001 5.7 5.7 5.7 5.7 5.7 5.7 5.7 5.6 5.7 5.7 5.7 5.6 5.7 5.7 5.6 5.6
20 15000m 1 8 4078 48.300000000000004 3.1 3.0 3.0 3.0 3.0 3.0 3.0 3.0 3.0 3.0 3.0 3.0 3.0 3.1 3.0 3.1
20 15000m 5 9 5874 99.20000000000003 6.2 6.2 6.2 6.2 6.2 6.2 6.2 6.2 6.2 6.2 6.2 6.2 6.2 6.2 6.2 6.2
20 15000m 10 9 7495 99.30000000000003 6.2 6.2 6.2 6.2 6.2 6.2 6.3 6.2 6.2 6.2 6.2 6.2 6.2 6.2 6.2 6.2
20 15000m 15 8 8994 99.20000000000003 6.2 6.2 6.2 6.2 6.2 6.2 6.2 6.2 6.2 6.2 6.2 6.2 6.2 6.2 6.2 6.2
50 15000m 1 12 13816 99.30000000000003 6.2 6.2 6.2 6.3 6.2 6.2 6.1 6.3 6.2 6.2 6.2 6.2 6.2 6.2 6.2 6.2
50 15000m 5 12 18361 99.40000000000002 6.2 6.3 6.2 6.2 6.2 6.2 6.3 6.2 6.2 6.2 6.2 6.2 6.2 6.2 6.2 6.2
50 15000m 10 11 22501 99.20000000000003 6.2 6.2 6.2 6.2 6.2 6.2 6.2 6.2 6.2 6.2 6.2 6.2 6.2 6.2 6.2 6.2
