1.0 3.0 1.0 45.4 6.8 0.4 0.4 0.4 0.4 0.4 0.4 0.4 0.4 0.4 0.5 0.5 0.5 0.5 0.4 0.4 0.4 627.3
3.0 3.0 3.0 43.4 23.2 1.5 1.4 1.4 1.5 1.5 1.5 1.4 1.5 1.4 1.4 1.5 1.5 1.4 1.4 1.5 1.4 553.4
5.0 3.0 5.0 42.7 32.8 2.1 2.1 2.0 2.0 2.0 2.0 2.1 2.1 2.1 2.1 2.1 2.0 2.1 2.0 2.0 2.0 562.3
7.0 3.0 7.0 42.2 51.0 3.2 3.2 3.1 3.2 3.1 3.2 3.2 3.2 3.2 3.1 3.2 3.2 3.2 3.2 3.3 3.2 562.1
10.0 3.0 10.0 41.3 71.1 4.6 4.5 4.6 4.5 4.4 4.6 4.4 4.4 4.5 4.4 4.2 4.4 4.4 4.4 4.4 4.4 564.9
12.0 3.0 12.0 42.9 84.2 5.5 5.4 5.3 5.3 5.3 5.3 5.3 5.3 5.1 5.2 5.2 5.4 5.1 5.3 5.1 5.1 568.4
15.0 3.0 15.0 94.4 98.3 6.3 6.1 6.2 6.2 6.2 6.0 6.2 6.1 6.1 6.2 6.1 6.2 6.1 6.1 6.0 6.2 633.2
1.0 3.5 1.0 43.2 5.5 0.3 0.4 0.4 0.4 0.4 0.4 0.5 0.3 0.3 0.3 0.3 0.3 0.3 0.3 0.3 0.3 623.0
3.0 3.5 3.0 42.5 19.4 1.2 1.2 1.2 1.2 1.2 1.3 1.2 1.3 1.2 1.2 1.2 1.2 1.1 1.3 1.2 1.2 546.5
5.0 3.5 5.0 43.5 35.1 2.2 2.2 2.2 2.2 2.3 2.2 2.1 2.2 2.1 2.2 2.2 2.2 2.2 2.2 2.2 2.2 550.4
7.0 3.5 7.0 42.5 43.8 2.7 2.7 2.7 2.8 2.7 2.8 2.8 2.7 2.7 2.8 2.7 2.7 2.8 2.8 2.7 2.7 550.6
10.0 3.5 10.0 41.4 61.4 3.8 3.9 3.9 3.8 3.8 3.8 3.9 3.9 3.8 3.9 3.8 3.9 3.8 3.9 3.8 3.7 552.6
12.0 3.5 12.0 40.8 72.6 4.8 4.4 4.6 4.5 4.6 4.6 4.5 4.6 4.7 4.4 4.4 4.4 4.5 4.5 4.5 4.6 553.2
15.0 3.5 15.0 40.4 88.5 5.5 5.6 5.5 5.6 5.5 5.5 5.5 5.4 5.7 5.5 5.3 5.5 5.7 5.6 5.6 5.5 558.6
18.0 3.5 18.0 63.3 99.4 6.2 6.2 6.2 6.3 6.2 6.1 6.2 6.3 6.3 6.3 6.1 6.1 6.3 6.1 6.2 6.3 629.4
1.0 4.0 1.0 44.3 4.9 0.3 0.3 0.3 0.3 0.3 0.3 0.3 0.3 0.3 0.3 0.4 0.3 0.3 0.3 0.3 0.3 620.8
3.0 4.0 3.0 43.4 16.8 1.1 1.1 1.1 1.1 1.0 1.0 1.0 1.1 1.0 1.1 1.0 1.0 1.0 1.0 1.1 1.1 551.9
5.0 4.0 5.0 42.4 26.0 1.6 1.7 1.7 1.6 1.6 1.6 1.5 1.6 1.7 1.6 1.7 1.7 1.6 1.6 1.6 1.6 557.8
7.0 4.0 7.0 42.1 38.5 2.4 2.5 2.4 2.4 2.4 2.3 2.4 2.5 2.5 2.4 2.3 2.4 2.4 2.3 2.4 2.5 556.2
10.0 4.0 10.0 41.4 53.1 3.3 3.3 3.2 3.3 3.3 3.3 3.4 3.4 3.4 3.3 3.4 3.4 3.2 3.3 3.3 3.3 560.8
12.0 4.0 12.0 40.8 62.6 3.9 3.9 3.9 4.0 3.9 3.9 3.9 3.8 4.0 3.9 3.9 4.0 3.9 3.9 3.9 3.9 559.9
15.0 4.0 15.0 39.5 75.7 4.8 4.8 4.7 4.9 4.7 4.7 4.7 4.7 4.8 4.7 4.7 4.6 4.8 4.7 4.7 4.7 563.1
18.0 4.0 18.0 39.5 90.5 5.7 5.7 5.6 5.6 5.7 5.7 5.7 5.6 5.7 5.7 5.7 5.6 5.7 5.6 5.6 5.6 564.9
20.0 4.0 20.0 46.5 98.1 6.2 6.2 6.0 6.2 6.1 6.1 6.1 6.1 6.1 6.2 6.0 6.1 6.2 6.2 6.1 6.2 606.0
22.0 4.0 22.0 78.0 99.3 6.2 6.2 6.1 6.1 6.3 6.3 6.2 6.2 6.2 6.1 6.2 6.2 6.3 6.2 6.3 6.2 661.6
1.0 4.5 1.0 45.4 4.5 0.3 0.0 0.0 0.1 0.4 0.4 0.3 0.4 0.3 0.4 0.3 0.3 0.4 0.3 0.3 0.3 623.6
7.0 4.5 7.0 42.2 33.9 2.1 2.1 2.1 2.1 2.1 2.2 2.2 2.1 2.1 2.1 2.2 2.1 2.2 2.1 2.1 2.0 554.4
10.0 4.5 10.0 41.0 47.4 3.0 3.0 2.9 3.0 2.9 2.9 2.9 3.0 2.9 3.0 3.0 3.0 2.9 3.1 3.0 2.9 556.0
12.0 4.5 12.0 40.4 55.7 3.5 3.4 3.4 3.5 3.5 3.5 3.5 3.5 3.5 3.5 3.4 3.6 3.5 3.5 3.5 3.4 555.8
15.0 4.5 15.0 39.7 69.0 4.2 4.4 4.2 4.4 4.4 4.3 4.3 4.4 4.5 4.3 4.3 4.3 4.3 4.3 4.2 4.2 558.6
18.0 4.5 18.0 38.2 79.7 5.1 4.9 4.9 4.9 5.0 5.1 5.0 5.1 5.0 5.1 4.9 4.9 4.9 4.9 5.1 4.9 562.1
20.0 4.5 20.0 37.1 87.1 5.4 5.5 5.4 5.4 5.4 5.6 5.5 5.4 5.4 5.4 5.4 5.4 5.5 5.4 5.5 5.5 563.8
22.0 4.5 22.0 38.7 96.1 6.0 6.1 6.1 6.0 6.0 6.0 5.9 5.9 6.0 6.0 6.0 6.0 6.0 5.9 6.1 6.1 567.2
25.0 4.5 25.0 61.3 98.8 6.1 6.2 6.3 6.1 6.2 6.2 6.2 6.2 6.1 6.1 6.1 6.3 6.2 6.2 6.2 6.1 651.8
1.0 5.0 1.0 44.7 4.0 0.0 0.3 0.0 0.3 0.0 0.2 0.3 0.3 0.3 0.3 0.3 0.3 0.4 0.4 0.3 0.3 627.6
3.0 5.0 3.0 43.6 13.4 0.9 0.9 0.8 0.8 0.8 0.8 0.8 0.8 0.9 0.9 0.9 0.8 0.9 0.8 0.8 0.8 569.2
5.0 5.0 5.0 43.3 25.1 1.5 1.5 1.5 1.7 1.6 1.5 1.6 1.6 1.6 1.5 1.5 1.6 1.6 1.6 1.6 1.6 571.3
7.0 5.0 7.0 42.2 30.8 1.9 1.9 1.9 2.0 2.0 1.9 1.9 1.9 2.0 1.9 2.0 1.9 1.9 1.9 1.9 1.9 571.4
10.0 5.0 10.0 41.5 42.9 2.6 2.7 2.7 2.6 2.6 2.8 2.8 2.7 2.7 2.7 2.8 2.7 2.6 2.7 2.6 2.6 571.3
12.0 5.0 12.0 40.6 49.9 3.1 3.2 3.1 3.2 3.1 3.2 3.2 3.0 3.1 3.1 3.0 3.1 3.2 3.2 3.0 3.1 573.9
15.0 5.0 15.0 39.6 61.0 3.8 3.9 3.8 3.8 3.9 3.8 3.8 3.8 3.8 3.8 3.8 3.8 3.9 3.8 3.7 3.8 574.7
18.0 5.0 18.0 38.3 72.1 4.6 4.6 4.5 4.6 4.4 4.5 4.5 4.4 4.6 4.5 4.5 4.5 4.4 4.4 4.5 4.6 577.2
20.0 5.0 20.0 37.0 78.0 4.8 5.0 4.9 4.8 4.7 4.9 4.8 4.9 4.9 4.9 5.0 4.9 4.9 4.9 4.9 4.8 576.5
22.0 5.0 22.0 35.9 84.5 5.2 5.3 5.3 5.2 5.3 5.3 5.4 5.3 5.3 5.3 5.2 5.2 5.3 5.4 5.2 5.3 594.6
25.0 5.0 25.0 35.5 95.1 6.0 5.9 6.0 6.0 6.0 6.0 6.0 5.9 5.9 6.0 6.0 5.9 5.9 5.9 5.8 5.9 595.2
27.0 5.0 27.0 47.6 99.5 6.1 6.2 6.2 6.3 6.3 6.3 6.3 6.2 6.2 6.1 6.1 6.2 6.3 6.3 6.2 6.2 653.0
1.0 5.5 1.0 44.2 3.5 0.0 0.1 0.2 0.1 0.2 0.3 0.2 0.3 0.3 0.2 0.3 0.3 0.2 0.2 0.3 0.3 625.3
3.0 5.5 3.0 43.7 12.5 0.7 0.8 0.8 0.8 0.8 0.8 0.8 0.7 0.8 0.8 0.8 0.8 0.7 0.8 0.8 0.8 546.5
5.0 5.5 5.0 42.7 19.4 1.2 1.2 1.2 1.2 1.3 1.3 1.2 1.2 1.2 1.1 1.2 1.3 1.2 1.2 1.2 1.2 550.9
7.0 5.5 7.0 42.1 27.8 1.7 1.7 1.8 1.8 1.7 1.7 1.8 1.7 1.8 1.7 1.7 1.7 1.7 1.8 1.8 1.7 554.7
10.0 5.5 10.0 41.4 39.4 2.5 2.5 2.5 2.5 2.4 2.5 2.5 2.4 2.5 2.5 2.4 2.4 2.5 2.5 2.4 2.4 553.1
12.0 5.5 12.0 40.9 45.8 2.8 2.8 2.9 2.8 2.9 3.0 2.9 2.9 2.9 2.9 2.8 2.9 2.9 2.8 2.8 2.8 554.5
15.0 5.5 15.0 39.7 54.6 3.5 3.4 3.4 3.4 3.4 3.5 3.4 3.4 3.5 3.5 3.3 3.4 3.3 3.4 3.4 3.4 555.8
18.0 5.5 18.0 38.2 65.3 4.0 4.1 4.1 4.1 4.2 4.0 4.1 4.1 4.1 4.1 4.1 4.1 4.0 4.1 4.0 4.1 557.9
20.0 5.5 20.0 37.1 70.3 4.4 4.4 4.4 4.3 4.4 4.4 4.4 4.4 4.4 4.5 4.4 4.4 4.3 4.4 4.4 4.4 557.7
22.0 5.5 22.0 35.9 77.5 4.8 5.0 4.9 4.8 4.9 4.8 4.9 4.8 4.9 4.9 4.8 4.7 4.8 4.8 4.9 4.8 562.7
25.0 5.5 25.0 34.2 85.8 5.3 5.4 5.3 5.3 5.3 5.4 5.4 5.4 5.4 5.4 5.4 5.3 5.4 5.4 5.4 5.3 596.0
27.0 5.5 27.0 33.6 90.6 5.7 5.6 5.6 5.7 5.7 5.6 5.7 5.7 5.6 5.7 5.6 5.6 5.8 5.7 5.7 5.6 599.9
30.0 5.5 30.0 41.1 99.1 6.2 6.1 6.3 6.2 6.2 6.2 6.1 6.2 6.1 6.2 6.3 6.3 6.1 6.2 6.2 6.2 632.6
32.0 5.5 32.0 56.4 99.4 6.2 6.3 6.2 6.3 6.2 6.2 6.1 6.2 6.2 6.2 6.2 6.2 6.2 6.2 6.3 6.2 672.7
1.0 6.0 1.0 43.1 3.7 0.3 0.2 0.2 0.3 0.2 0.2 0.2 0.2 0.3 0.2 0.2 0.3 0.2 0.2 0.2 0.3 642.3
3.0 6.0 3.0 43.6 11.4 0.7 0.8 0.7 0.7 0.7 0.7 0.7 0.7 0.7 0.7 0.8 0.7 0.7 0.7 0.7 0.7 566.0
5.0 6.0 5.0 43.5 19.7 1.2 1.2 1.2 1.3 1.2 1.3 1.3 1.2 1.2 1.2 1.2 1.2 1.3 1.2 1.3 1.2 570.0
7.0 6.0 7.0 42.4 25.8 1.6 1.6 1.6 1.6 1.6 1.7 1.6 1.6 1.7 1.6 1.6 1.5 1.6 1.6 1.7 1.6 569.1
10.0 6.0 10.0 41.6 35.4 2.3 2.2 2.2 2.1 2.2 2.2 2.2 2.3 2.3 2.2 2.2 2.3 2.2 2.2 2.1 2.2 572.7
12.0 6.0 12.0 41.0 42.2 2.8 2.6 2.6 2.6 2.6 2.6 2.6 2.5 2.6 2.8 2.6 2.6 2.7 2.7 2.8 2.5 574.6
15.0 6.0 15.0 39.8 51.1 3.3 3.1 3.1 3.2 3.2 3.2 3.2 3.2 3.3 3.2 3.1 3.2 3.2 3.2 3.2 3.2 577.5
18.0 6.0 18.0 38.4 60.5 3.8 3.8 3.9 3.7 3.7 3.7 3.8 3.8 3.7 3.8 3.7 3.8 3.9 3.8 3.8 3.8 576.1
20.0 6.0 20.0 37.2 65.2 4.1 4.0 4.0 4.1 4.1 4.1 4.1 4.1 4.1 4.1 4.1 4.1 3.9 4.1 4.1 4.1 575.9
22.0 6.0 22.0 35.8 70.0 4.3 4.3 4.3 4.4 4.4 4.3 4.4 4.4 4.4 4.4 4.4 4.4 4.4 4.5 4.4 4.3 617.6
25.0 6.0 25.0 34.2 78.0 5.0 5.0 4.9 4.8 4.9 4.9 4.9 4.8 4.9 4.8 4.8 4.9 4.8 4.8 4.9 4.9 616.5
27.0 6.0 27.0 33.5 82.9 5.2 5.3 5.3 5.2 5.2 5.2 5.1 5.1 5.2 5.1 5.2 5.2 5.1 5.1 5.2 5.2 622.0
30.0 6.0 30.0 32.3 92.2 5.8 5.8 5.7 5.8 5.8 5.8 5.9 5.7 5.7 5.8 5.7 5.8 5.7 5.8 5.7 5.7 618.8
32.0 6.0 32.0 33.4 96.2 6.1 6.1 5.9 6.0 6.0 6.0 6.0 5.9 6.0 6.0 6.1 6.1 6.0 6.0 6.0 6.0 636.5
35.0 6.0 35.0 49.8 99.2 6.2 6.2 6.2 6.2 6.2 6.2 6.3 6.2 6.2 6.3 6.1 6.1 6.3 6.2 6.2 6.1 679.4
37.0 6.0 37.0 64.8 99.7 6.3 6.3 6.2 6.2 6.2 6.2 6.3 6.2 6.2 6.3 6.2 6.2 6.2 6.2 6.3 6.2 753.4
1.0 6.5 1.0 43.8 3.3 0.2 0.2 0.2 0.2 0.2 0.2 0.2 0.2 0.2 0.2 0.2 0.2 0.2 0.2 0.3 0.2 629.5
3.0 6.5 3.0 43.2 10.3 0.7 0.7 0.6 0.7 0.6 0.7 0.7 0.7 0.6 0.6 0.6 0.6 0.7 0.6 0.6 0.6 553.4
5.0 6.5 5.0 43.7 18.4 1.1 1.1 1.2 1.2 1.2 1.2 1.1 1.1 1.1 1.1 1.2 1.1 1.1 1.2 1.2 1.2 557.1
7.0 6.5 7.0 42.4 23.9 1.5 1.5 1.5 1.4 1.5 1.5 1.5 1.5 1.5 1.5 1.5 1.5 1.5 1.5 1.5 1.5 560.0
10.0 6.5 10.0 41.1 32.6 2.0 2.0 2.0 2.0 2.1 2.0 2.0 2.0 2.1 2.0 2.1 2.1 2.0 2.1 2.0 2.1 564.9
12.0 6.5 12.0 40.6 38.6 2.4 2.4 2.4 2.5 2.4 2.4 2.5 2.4 2.4 2.4 2.4 2.4 2.4 2.4 2.4 2.4 562.0
15.0 6.5 15.0 39.7 47.3 3.0 2.9 3.0 2.9 3.0 3.0 3.0 3.0 3.1 2.9 2.9 3.0 2.9 2.9 2.9 2.9 562.5
18.0 6.5 18.0 38.3 54.6 3.5 3.4 3.3 3.5 3.4 3.5 3.4 3.3 3.5 3.4 3.4 3.4 3.4 3.4 3.4 3.4 580.9
20.0 6.5 20.0 37.4 61.0 3.8 3.8 3.8 3.7 3.9 3.8 3.8 3.7 3.9 3.8 3.8 3.9 3.8 3.9 3.8 3.8 583.5
22.0 6.5 22.0 35.7 65.1 4.0 4.1 4.0 4.0 4.1 4.1 4.0 4.1 4.1 4.1 4.0 4.1 4.2 4.0 4.1 4.1 588.6
25.0 6.5 25.0 34.2 72.9 4.5 4.5 4.6 4.6 4.6 4.6 4.6 4.6 4.5 4.6 4.5 4.5 4.6 4.6 4.5 4.5 606.1
27.0 6.5 27.0 33.3 76.7 4.8 4.8 4.7 4.8 4.9 4.8 4.8 4.8 4.8 4.7 4.8 4.9 4.8 4.8 4.8 4.7 602.2
30.0 6.5 30.0 32.2 83.2 5.2 5.2 5.3 5.2 5.2 5.2 5.2 5.1 5.2 5.2 5.2 5.2 5.2 5.2 5.2 5.2 606.1
32.0 6.5 32.0 31.8 87.7 5.5 5.5 5.5 5.5 5.4 5.5 5.4 5.6 5.5 5.5 5.4 5.5 5.5 5.5 5.4 5.5 607.7
35.0 6.5 35.0 32.6 95.1 6.0 5.9 6.0 6.0 6.0 6.0 6.0 5.9 5.9 5.9 5.9 5.9 5.9 6.0 5.9 5.9 627.4
37.0 6.5 37.0 39.8 98.7 6.2 6.1 6.2 6.2 6.1 6.2 6.2 6.1 6.2 6.1 6.1 6.2 6.2 6.2 6.2 6.2 649.4
40.0 6.5 40.0 54.3 98.9 6.2 6.1 6.2 6.2 6.2 6.2 6.2 6.1 6.1 6.2 6.2 6.2 6.2 6.2 6.2 6.2 743.7
1.0 7.0 1.0 44.9 3.2 0.2 0.2 0.2 0.2 0.2 0.2 0.2 0.2 0.2 0.2 0.2 0.2 0.2 0.2 0.2 0.2 642.9
3.0 7.0 3.0 43.1 9.6 0.6 0.6 0.6 0.6 0.6 0.6 0.6 0.6 0.6 0.6 0.6 0.6 0.6 0.6 0.6 0.6 573.2
5.0 7.0 5.0 42.9 17.3 1.0 1.1 1.1 1.0 1.1 1.1 1.1 1.1 1.0 1.1 1.1 1.2 1.1 1.1 1.0 1.1 578.5
7.0 7.0 7.0 42.5 22.1 1.4 1.4 1.4 1.4 1.4 1.4 1.4 1.4 1.4 1.3 1.4 1.4 1.3 1.4 1.3 1.4 578.2
10.0 7.0 10.0 41.7 30.6 1.9 1.9 2.0 1.9 1.9 1.9 1.9 1.9 1.9 2.0 1.9 1.9 1.9 1.9 1.9 1.9 582.5
12.0 7.0 12.0 40.8 35.5 2.3 2.1 2.2 2.2 2.2 2.2 2.2 2.3 2.3 2.2 2.2 2.3 2.2 2.2 2.2 2.2 583.9
15.0 7.0 15.0 39.6 42.7 2.7 2.7 2.6 2.7 2.8 2.7 2.6 2.6 2.7 2.7 2.6 2.6 2.6 2.7 2.7 2.7 586.7
18.0 7.0 18.0 38.2 51.5 3.2 3.2 3.2 3.2 3.3 3.1 3.2 3.2 3.3 3.2 3.3 3.3 3.2 3.2 3.2 3.2 587.5
20.0 7.0 20.0 37.1 56.4 3.5 3.5 3.5 3.5 3.5 3.4 3.6 3.5 3.6 3.5 3.5 3.6 3.6 3.5 3.5 3.6 587.5
22.0 7.0 22.0 35.8 60.5 3.8 3.8 3.8 3.8 3.9 3.8 3.7 3.8 3.8 3.7 3.8 3.7 3.7 3.7 3.9 3.8 601.9
25.0 7.0 25.0 34.1 67.4 4.2 4.2 4.2 4.2 4.2 4.3 4.2 4.2 4.2 4.2 4.2 4.2 4.2 4.2 4.3 4.2 610.7
27.0 7.0 27.0 33.3 71.5 4.5 4.5 4.4 4.5 4.5 4.5 4.5 4.5 4.4 4.5 4.5 4.4 4.4 4.5 4.4 4.5 614.4
30.0 7.0 30.0 32.2 77.8 4.8 4.9 4.9 4.8 4.8 4.9 4.9 4.8 5.0 4.8 4.9 4.9 4.9 4.9 4.8 4.8 639.6
32.0 7.0 32.0 31.8 82.2 5.1 5.2 5.1 5.1 5.1 5.1 5.1 5.1 5.2 5.1 5.2 5.2 5.1 5.2 5.2 5.1 658.3
35.0 7.0 35.0 31.6 87.9 5.5 5.5 5.5 5.4 5.5 5.5 5.5 5.5 5.5 5.5 5.5 5.5 5.5 5.5 5.5 5.5 659.2
37.0 7.0 37.0 32.2 91.6 5.8 5.7 5.7 5.7 5.8 5.7 5.7 5.8 5.7 5.7 5.6 5.7 5.8 5.7 5.8 5.7 674.8
40.0 7.0 40.0 34.5 97.6 6.1 6.1 6.1 6.1 6.1 6.2 6.1 6.1 6.0 6.1 6.0 6.0 6.0 6.2 6.2 6.2 676.5
42.0 7.0 42.0 45.6 98.5 6.2 6.1 6.2 6.1 6.2 6.1 6.2 6.2 6.2 6.2 6.1 6.2 6.1 6.1 6.1 6.2 720.9
1.0 7.5 1.0 45.2 3.2 0.2 0.2 0.2 0.2 0.2 0.2 0.2 0.2 0.2 0.2 0.2 0.2 0.2 0.2 0.2 0.2 625.3
3.0 7.5 3.0 43.9 9.3 0.6 0.6 0.5 0.6 0.6 0.6 0.6 0.6 0.6 0.6 0.6 0.5 0.6 0.6 0.6 0.5 557.1
5.0 7.5 5.0 43.2 14.1 0.9 0.8 0.9 0.9 0.9 0.8 0.9 0.9 0.9 0.9 0.8 0.9 0.9 0.8 0.9 1.0 554.1
7.0 7.5 7.0 42.6 20.7 1.2 1.3 1.3 1.3 1.3 1.3 1.3 1.4 1.3 1.3 1.4 1.3 1.2 1.2 1.3 1.3 572.1
10.0 7.5 10.0 41.4 28.5 1.8 1.8 1.7 1.8 1.7 1.8 1.7 1.8 1.8 1.8 1.8 1.7 1.8 1.8 1.8 1.9 578.2
12.0 7.5 12.0 40.7 33.7 2.2 2.1 2.1 2.1 2.1 2.1 2.1 2.1 2.2 2.1 2.1 2.1 2.1 2.1 2.1 2.0 579.0
15.0 7.5 15.0 39.7 41.1 2.6 2.6 2.6 2.5 2.6 2.6 2.6 2.5 2.6 2.6 2.5 2.6 2.6 2.6 2.5 2.5 579.5
18.0 7.5 18.0 38.3 47.6 3.0 3.0 3.0 2.9 3.0 3.0 3.0 3.0 3.0 2.9 3.0 2.9 2.9 3.0 3.0 3.0 581.1
20.0 7.5 20.0 37.4 52.4 3.3 3.3 3.3 3.2 3.4 3.2 3.3 3.3 3.3 3.3 3.3 3.3 3.2 3.2 3.3 3.2 580.8
22.0 7.5 22.0 36.0 57.2 3.6 3.6 3.6 3.6 3.5 3.6 3.6 3.6 3.6 3.6 3.6 3.6 3.6 3.5 3.5 3.5 580.3
25.0 7.5 25.0 34.3 63.1 4.0 4.0 3.9 3.9 3.9 4.0 4.0 3.9 4.0 4.0 3.9 4.0 3.9 3.9 3.9 3.9 579.8
27.0 7.5 27.0 33.4 66.1 4.1 4.2 4.2 4.1 4.1 4.1 4.1 4.1 4.2 4.1 4.1 4.1 4.1 4.1 4.2 4.2 581.7
30.0 7.5 30.0 32.2 72.9 4.6 4.6 4.5 4.6 4.5 4.6 4.5 4.5 4.6 4.6 4.5 4.6 4.6 4.6 4.5 4.5 603.7
32.0 7.5 32.0 32.4 75.8 4.7 4.7 4.7 4.7 4.8 4.7 4.8 4.8 4.7 4.8 4.7 4.7 4.8 4.8 4.7 4.7 626.5
35.0 7.5 35.0 31.7 81.6 5.1 5.1 5.1 5.2 5.2 5.0 5.1 5.1 5.0 5.1 5.1 5.1 5.1 5.1 5.1 5.1 631.2
37.0 7.5 37.0 32.3 86.6 5.4 5.4 5.4 5.4 5.4 5.4 5.5 5.4 5.4 5.5 5.4 5.4 5.3 5.5 5.4 5.4 633.6
40.0 7.5 40.0 32.6 91.2 5.7 5.7 5.7 5.6 5.7 5.7 5.7 5.7 5.7 5.7 5.7 5.7 5.7 5.7 5.8 5.7 668.7
42.0 7.5 42.1 33.5 94.1 5.9 5.9 5.9 5.9 5.9 5.9 5.8 5.9 5.9 5.8 5.8 5.9 5.9 5.9 5.9 5.9 660.3
45.0 7.5 45.1 37.4 97.8 6.1 6.1 6.2 6.1 6.2 6.1 6.1 6.1 6.1 6.1 6.1 6.1 6.1 6.1 6.1 6.1 676.4
47.0 7.5 47.0 48.5 98.6 6.1 6.2 6.2 6.2 6.2 6.1 6.2 6.1 6.2 6.2 6.1 6.2 6.1 6.1 6.2 6.2 725.3
1.0 8.0 1.0 44.3 3.2 0.2 0.2 0.2 0.2 0.2 0.2 0.2 0.2 0.2 0.2 0.2 0.2 0.2 0.2 0.2 0.2 621.8
3.0 8.0 3.0 44.0 8.6 0.6 0.6 0.6 0.6 0.6 0.5 0.5 0.5 0.5 0.6 0.5 0.5 0.5 0.5 0.5 0.5 557.9
5.0 8.0 5.0 42.9 12.2 0.7 0.7 0.7 0.8 0.8 0.8 0.7 0.7 0.7 0.8 0.8 0.8 0.8 0.8 0.8 0.8 562.3
7.0 8.0 7.0 42.2 19.5 1.2 1.2 1.2 1.2 1.2 1.3 1.2 1.2 1.3 1.2 1.2 1.2 1.2 1.3 1.2 1.2 565.0
10.0 8.0 10.0 41.4 26.7 1.7 1.7 1.7 1.6 1.6 1.7 1.6 1.6 1.7 1.7 1.7 1.7 1.7 1.6 1.7 1.7 566.6
12.0 8.0 12.0 40.7 31.3 2.0 1.9 2.0 2.0 1.9 2.0 1.9 1.9 2.0 1.9 2.0 1.9 2.0 2.0 1.9 2.0 569.3
15.0 8.0 15.0 39.6 37.9 2.4 2.5 2.3 2.3 2.3 2.3 2.3 2.4 2.4 2.4 2.3 2.4 2.4 2.4 2.4 2.4 586.6
18.0 8.0 18.0 38.2 44.9 2.8 2.8 2.8 2.8 2.8 2.8 2.8 2.8 2.9 2.8 2.8 2.7 2.9 2.8 2.8 2.8 590.0
20.0 8.0 20.0 36.9 49.8 3.1 3.2 3.1 3.1 3.2 3.2 3.1 3.0 3.1 3.1 3.1 3.1 3.2 3.1 3.0 3.1 589.4
22.0 8.0 22.0 35.7 52.9 3.4 3.3 3.3 3.3 3.3 3.3 3.3 3.3 3.3 3.3 3.4 3.3 3.3 3.2 3.3 3.3 589.2
25.0 8.0 25.0 34.2 58.9 3.6 3.6 3.7 3.7 3.6 3.7 3.7 3.7 3.7 3.7 3.7 3.7 3.7 3.7 3.7 3.7 589.2
27.0 8.0 27.0 33.3 62.9 3.9 3.9 4.0 3.9 3.9 4.0 3.9 4.0 3.9 3.9 4.0 3.9 3.9 3.9 3.9 4.0 590.0
30.0 8.0 30.0 32.2 67.3 4.2 4.2 4.2 4.2 4.2 4.3 4.2 4.2 4.2 4.2 4.2 4.2 4.2 4.2 4.2 4.2 590.2
32.0 8.0 32.0 31.1 72.1 4.5 4.6 4.5 4.5 4.4 4.5 4.5 4.5 4.5 4.5 4.5 4.6 4.5 4.5 4.5 4.5 626.4
35.0 8.0 35.0 31.6 77.4 4.8 4.9 4.9 4.8 4.8 4.8 4.8 4.9 4.9 4.8 4.8 4.9 4.8 4.8 4.9 4.8 629.7
37.0 8.0 37.0 32.0 80.9 5.1 5.1 5.0 5.2 5.0 5.0 5.1 5.0 5.1 5.0 5.0 5.0 5.1 5.1 5.1 5.0 644.3
40.0 8.0 40.0 32.4 85.1 5.3 5.3 5.3 5.4 5.3 5.4 5.3 5.3 5.4 5.3 5.3 5.3 5.3 5.3 5.3 5.3 649.3
42.0 8.0 42.0 33.0 89.4 5.6 5.5 5.5 5.6 5.7 5.6 5.6 5.6 5.6 5.5 5.6 5.6 5.7 5.5 5.6 5.6 659.5
45.0 8.0 45.0 33.5 94.0 5.8 5.9 5.9 5.9 5.9 5.9 5.9 5.8 5.9 5.8 5.9 5.8 5.9 5.9 5.9 5.9 660.8
47.0 8.0 47.1 33.8 96.8 6.0 6.1 6.1 6.1 6.0 6.0 6.1 6.1 6.0 6.0 6.1 6.0 6.0 6.1 6.0 6.1 665.3
50.0 8.0 50.0 39.8 98.7 6.2 6.2 6.2 6.1 6.1 6.2 6.1 6.2 6.1 6.1 6.2 6.2 6.2 6.2 6.2 6.2 679.1
1.0 8.5 1.0 43.1 2.8 0.2 0.2 0.2 0.2 0.1 0.2 0.2 0.1 0.1 0.2 0.2 0.2 0.2 0.2 0.1 0.2 625.5
3.0 8.5 3.0 43.4 8.1 0.5 0.5 0.5 0.5 0.6 0.5 0.5 0.5 0.5 0.5 0.5 0.5 0.5 0.5 0.5 0.5 554.0
5.0 8.5 5.0 43.4 11.2 0.7 0.7 0.7 0.7 0.7 0.7 0.7 0.7 0.7 0.7 0.7 0.7 0.7 0.7 0.7 0.7 557.2
7.0 8.5 7.0 42.1 17.9 1.1 1.1 1.1 1.1 1.1 1.2 1.1 1.1 1.2 1.1 1.1 1.1 1.1 1.1 1.2 1.1 561.9
10.0 8.5 10.0 41.9 25.2 1.6 1.6 1.6 1.6 1.6 1.6 1.5 1.6 1.6 1.6 1.5 1.6 1.6 1.5 1.6 1.5 559.4
12.0 8.5 12.0 40.6 29.2 1.9 1.9 1.8 1.8 1.8 1.8 1.8 1.8 1.9 1.8 1.8 1.8 1.9 1.8 1.8 1.8 561.7
15.0 8.5 15.0 39.6 36.4 2.3 2.3 2.2 2.3 2.3 2.3 2.2 2.3 2.3 2.2 2.3 2.3 2.3 2.3 2.3 2.2 561.7
18.0 8.5 18.0 38.2 42.3 2.7 2.6 2.7 2.6 2.6 2.6 2.6 2.7 2.6 2.7 2.6 2.7 2.6 2.7 2.7 2.6 562.5
20.0 8.5 20.0 37.1 46.9 2.9 2.9 2.9 2.9 3.0 2.9 2.9 2.9 3.0 2.9 3.0 3.0 3.0 2.9 2.9 2.9 561.5
22.0 8.5 22.0 35.8 50.3 3.1 3.1 3.1 3.2 3.1 3.2 3.2 3.1 3.2 3.1 3.2 3.2 3.1 3.2 3.1 3.1 567.5
25.0 8.5 25.0 34.1 56.0 3.5 3.5 3.5 3.5 3.5 3.4 3.5 3.5 3.5 3.5 3.5 3.5 3.6 3.5 3.5 3.5 583.5
27.0 8.5 27.0 33.3 58.8 3.7 3.7 3.7 3.7 3.7 3.6 3.7 3.7 3.6 3.7 3.7 3.6 3.7 3.7 3.6 3.7 585.1
30.0 8.5 30.0 32.2 64.1 4.1 4.0 4.0 4.0 4.0 4.0 4.1 4.0 4.0 4.0 4.0 4.0 4.0 4.0 4.0 3.9 623.0
32.0 8.5 32.0 32.4 67.4 4.3 4.2 4.2 4.2 4.2 4.2 4.3 4.2 4.2 4.2 4.2 4.2 4.2 4.2 4.2 4.2 629.4
35.0 8.5 35.0 31.6 73.5 4.6 4.6 4.6 4.6 4.5 4.6 4.6 4.6 4.6 4.6 4.6 4.6 4.6 4.6 4.6 4.6 631.0
37.0 8.5 37.0 31.9 75.9 4.7 4.7 4.8 4.7 4.8 4.8 4.7 4.8 4.7 4.7 4.8 4.7 4.7 4.7 4.8 4.8 632.5
40.0 8.5 40.1 32.9 80.9 5.0 5.1 5.1 5.1 5.0 5.0 5.1 5.1 5.0 5.1 5.1 5.0 5.0 5.1 5.1 5.0 688.0
42.0 8.5 42.0 33.1 84.3 5.2 5.3 5.3 5.2 5.3 5.3 5.3 5.2 5.3 5.3 5.2 5.3 5.3 5.3 5.2 5.3 697.8
45.0 8.5 45.0 33.4 88.8 5.5 5.6 5.6 5.5 5.6 5.5 5.6 5.5 5.6 5.5 5.5 5.5 5.6 5.5 5.6 5.6 701.1
47.0 8.5 47.0 33.5 91.3 5.7 5.7 5.7 5.7 5.7 5.7 5.7 5.7 5.7 5.7 5.7 5.7 5.7 5.7 5.8 5.7 700.8
50.0 8.5 50.0 33.3 93.9 5.8 5.9 6.0 5.9 5.9 5.9 5.9 5.8 5.8 5.8 5.8 5.9 5.9 5.9 5.9 5.8 701.8
1.0 9.0 1.0 46.2 3.2 0.2 0.2 0.2 0.2 0.2 0.2 0.2 0.2 0.2 0.2 0.2 0.2 0.2 0.2 0.2 0.2 624.8
3.0 9.0 3.0 43.6 7.8 0.5 0.5 0.5 0.5 0.4 0.5 0.5 0.5 0.5 0.5 0.5 0.5 0.5 0.5 0.5 0.4 555.8
5.0 9.0 5.0 42.7 11.2 0.7 0.7 0.7 0.7 0.7 0.7 0.7 0.7 0.7 0.7 0.7 0.7 0.7 0.7 0.7 0.7 561.3
7.0 9.0 7.0 42.1 17.5 1.1 1.1 1.1 1.1 1.1 1.1 1.1 1.0 1.1 1.1 1.1 1.1 1.1 1.1 1.1 1.1 561.8
10.0 9.0 10.0 41.2 23.8 1.5 1.5 1.4 1.5 1.5 1.5 1.5 1.5 1.5 1.5 1.5 1.5 1.5 1.5 1.5 1.4 566.8
12.0 9.0 12.0 40.4 27.7 1.7 1.7 1.7 1.7 1.7 1.8 1.7 1.8 1.7 1.8 1.8 1.7 1.7 1.7 1.7 1.8 568.4
15.0 9.0 15.0 39.7 34.0 2.1 2.1 2.2 2.1 2.1 2.1 2.1 2.1 2.1 2.0 2.2 2.2 2.1 2.2 2.2 2.1 568.7
18.0 9.0 18.0 38.2 40.0 2.6 2.5 2.5 2.5 2.4 2.5 2.5 2.5 2.5 2.5 2.5 2.5 2.5 2.5 2.5 2.5 567.4
20.0 9.0 20.0 37.2 43.7 2.8 2.7 2.7 2.7 2.7 2.8 2.7 2.7 2.8 2.7 2.7 2.7 2.7 2.8 2.8 2.7 586.0
22.0 9.0 22.0 35.8 46.9 3.0 3.0 3.0 2.9 2.9 2.9 2.9 2.9 2.9 3.0 3.0 3.0 2.9 2.9 2.9 2.8 588.5
25.0 9.0 25.0 34.0 51.8 3.2 3.2 3.2 3.2 3.2 3.2 3.3 3.3 3.2 3.2 3.3 3.3 3.2 3.2 3.3 3.3 590.9
27.0 9.0 27.0 33.3 55.8 3.5 3.5 3.5 3.5 3.5 3.5 3.4 3.5 3.5 3.5 3.5 3.5 3.5 3.5 3.4 3.5 592.4
30.0 9.0 30.0 32.2 60.2 3.8 3.7 3.8 3.7 3.8 3.8 3.8 3.8 3.7 3.8 3.7 3.8 3.7 3.8 3.7 3.8 631.8
32.0 9.0 32.0 31.1 63.6 4.0 3.9 3.9 4.0 4.0 4.0 3.9 4.0 3.9 4.0 4.0 4.0 4.0 4.0 4.0 4.0 648.9
35.0 9.0 35.0 31.6 69.3 4.3 4.4 4.3 4.3 4.4 4.4 4.4 4.3 4.3 4.3 4.3 4.3 4.3 4.4 4.3 4.3 650.6
37.0 9.0 37.0 31.9 71.8 4.5 4.4 4.5 4.5 4.5 4.5 4.5 4.5 4.6 4.5 4.5 4.4 4.5 4.5 4.4 4.5 644.5
40.0 9.0 40.0 32.8 76.1 4.7 4.8 4.7 4.8 4.8 4.8 4.7 4.8 4.8 4.8 4.7 4.8 4.7 4.8 4.7 4.7 657.9
42.0 9.0 42.0 33.0 79.5 5.0 5.0 5.0 4.9 5.0 4.9 5.0 5.0 4.9 5.0 5.0 5.0 5.0 4.9 5.0 4.9 655.2
45.0 9.0 45.0 33.3 83.5 5.2 5.2 5.2 5.2 5.2 5.2 5.2 5.3 5.2 5.2 5.2 5.2 5.3 5.2 5.2 5.3 662.8
47.0 9.0 47.1 33.5 85.1 5.3 5.4 5.3 5.3 5.3 5.4 5.3 5.3 5.3 5.3 5.3 5.3 5.3 5.3 5.3 5.4 678.1
50.0 9.0 50.1 33.2 88.8 5.5 5.5 5.6 5.6 5.5 5.5 5.6 5.5 5.5 5.6 5.5 5.6 5.6 5.6 5.5 5.6 699.4
1.0 9.5 1.0 46.3 2.3 0.1 0.2 0.2 0.2 0.2 0.1 0.2 0.2 0.1 0.1 0.1 0.1 0.2 0.1 0.1 0.1 626.6
3.0 9.5 3.0 43.5 7.0 0.4 0.4 0.4 0.5 0.5 0.5 0.4 0.5 0.4 0.5 0.5 0.4 0.4 0.4 0.4 0.4 556.8
5.0 9.5 5.0 43.5 11.8 0.7 0.7 0.7 0.7 0.7 0.8 0.7 0.8 0.8 0.7 0.8 0.8 0.7 0.7 0.7 0.8 557.7
7.0 9.5 7.0 42.2 16.2 1.0 1.0 1.0 1.0 1.1 1.0 1.0 1.0 1.0 1.0 1.0 1.0 1.0 1.0 1.0 1.1 556.9
10.0 9.5 10.0 41.7 22.4 1.4 1.3 1.4 1.4 1.4 1.4 1.4 1.5 1.4 1.4 1.4 1.4 1.4 1.4 1.4 1.4 560.7
12.0 9.5 12.0 40.8 25.7 1.6 1.6 1.6 1.6 1.6 1.6 1.6 1.6 1.6 1.6 1.6 1.6 1.6 1.6 1.6 1.7 562.9
15.0 9.5 15.0 39.7 32.1 2.0 2.1 2.0 2.0 2.0 2.0 2.0 2.0 2.1 2.0 2.0 2.0 1.9 2.0 2.0 2.0 558.6
18.0 9.5 18.0 38.2 38.0 2.4 2.4 2.4 2.4 2.4 2.3 2.4 2.4 2.4 2.4 2.3 2.3 2.4 2.4 2.3 2.4 563.0
20.0 9.5 20.0 37.4 41.2 2.6 2.6 2.6 2.6 2.6 2.6 2.6 2.5 2.6 2.6 2.5 2.5 2.6 2.6 2.6 2.5 562.7
22.0 9.5 22.0 36.0 45.1 2.8 2.8 2.8 2.8 2.8 2.8 2.8 2.8 2.9 2.8 2.8 2.8 2.9 2.8 2.9 2.8 583.2
25.0 9.5 25.0 34.3 49.7 3.2 3.1 3.1 3.0 3.1 3.1 3.2 3.0 3.1 3.1 3.1 3.1 3.1 3.1 3.2 3.1 586.6
27.0 9.5 27.0 33.4 52.9 3.3 3.3 3.3 3.3 3.3 3.3 3.3 3.3 3.3 3.4 3.3 3.3 3.3 3.3 3.3 3.3 589.4
30.0 9.5 30.0 32.2 57.6 3.6 3.6 3.6 3.5 3.6 3.6 3.6 3.6 3.7 3.6 3.6 3.6 3.6 3.6 3.6 3.6 586.0
32.0 9.5 32.0 32.1 60.0 3.8 3.8 3.7 3.7 3.8 3.7 3.7 3.8 3.7 3.7 3.8 3.8 3.7 3.7 3.8 3.8 587.2
35.0 9.5 35.0 31.7 64.4 4.0 4.1 4.0 4.0 4.0 4.0 4.0 4.1 4.0 4.0 4.1 4.0 4.0 4.0 4.1 4.0 611.6
37.0 9.5 37.0 32.1 68.4 4.3 4.3 4.3 4.2 4.3 4.2 4.2 4.3 4.3 4.3 4.3 4.2 4.3 4.3 4.3 4.3 651.8
40.0 9.5 40.0 33.4 71.9 4.4 4.5 4.5 4.5 4.5 4.5 4.5 4.5 4.5 4.5 4.5 4.5 4.5 4.5 4.5 4.5 652.8
42.0 9.5 42.0 33.1 74.1 4.6 4.6 4.6 4.7 4.6 4.6 4.6 4.6 4.6 4.6 4.6 4.7 4.7 4.7 4.6 4.7 649.5
45.0 9.5 45.0 33.4 78.3 4.9 4.9 4.9 4.9 4.9 4.8 4.9 4.9 4.9 4.9 4.9 4.9 4.9 4.9 4.9 4.9 659.0
47.0 9.5 47.0 33.6 81.7 5.1 5.1 5.1 5.1 5.1 5.1 5.1 5.1 5.1 5.1 5.1 5.1 5.2 5.1 5.1 5.1 666.0
50.0 9.5 50.1 33.2 84.6 5.3 5.3 5.3 5.3 5.3 5.3 5.2 5.3 5.3 5.3 5.3 5.3 5.3 5.3 5.2 5.3 678.1
1.0 10.0 1.0 43.9 2.0 0.2 0.1 0.1 0.1 0.2 0.1 0.1 0.1 0.1 0.2 0.1 0.1 0.1 0.1 0.1 0.2 628.5
3.0 10.0 3.0 43.3 6.6 0.4 0.4 0.4 0.4 0.4 0.5 0.4 0.4 0.4 0.4 0.5 0.4 0.4 0.4 0.4 0.4 547.2
5.0 10.0 5.0 43.5 11.7 0.8 0.7 0.7 0.7 0.8 0.7 0.7 0.7 0.7 0.8 0.7 0.8 0.8 0.7 0.7 0.7 550.9
7.0 10.0 7.0 42.3 15.3 1.0 1.0 0.9 0.9 1.0 0.9 1.0 0.9 1.0 1.0 0.9 1.0 0.9 0.9 1.0 1.0 558.0
10.0 10.0 10.0 41.2 21.4 1.3 1.3 1.4 1.3 1.4 1.3 1.3 1.3 1.3 1.4 1.3 1.4 1.3 1.4 1.4 1.3 558.7
12.0 10.0 12.0 41.2 25.0 1.6 1.6 1.5 1.6 1.6 1.5 1.5 1.5 1.6 1.6 1.5 1.6 1.6 1.6 1.5 1.6 559.8
15.0 10.0 15.0 39.6 30.5 1.9 1.9 2.0 1.9 1.9 1.9 1.9 1.9 1.9 1.9 1.9 1.9 1.9 1.9 1.9 1.9 560.3
18.0 10.0 18.0 38.2 35.6 2.3 2.3 2.2 2.2 2.2 2.2 2.2 2.2 2.3 2.2 2.2 2.2 2.3 2.2 2.2 2.2 566.9
20.0 10.0 20.0 37.1 39.4 2.5 2.5 2.4 2.5 2.4 2.4 2.5 2.4 2.5 2.5 2.5 2.5 2.4 2.4 2.5 2.5 569.3
22.0 10.0 22.0 35.8 42.1 2.6 2.6 2.6 2.6 2.6 2.7 2.6 2.7 2.6 2.6 2.7 2.6 2.7 2.6 2.6 2.7 571.9
25.0 10.0 25.0 34.2 46.9 2.9 3.0 3.0 2.9 3.0 3.0 2.9 2.9 2.9 2.9 2.9 2.9 2.9 2.9 3.0 2.9 592.3
27.0 10.0 27.0 33.4 49.6 3.1 3.1 3.1 3.1 3.1 3.0 3.1 3.1 3.1 3.1 3.1 3.1 3.1 3.1 3.1 3.2 646.9
30.0 10.0 30.0 32.2 54.4 3.4 3.4 3.4 3.4 3.4 3.5 3.4 3.3 3.4 3.4 3.4 3.4 3.4 3.4 3.4 3.4 651.4
32.0 10.0 32.0 32.2 57.3 3.6 3.6 3.6 3.6 3.5 3.6 3.6 3.6 3.6 3.6 3.6 3.6 3.6 3.5 3.6 3.5 650.6
35.0 10.0 35.0 31.6 62.1 3.9 3.9 3.9 3.9 3.8 3.9 3.9 3.9 3.9 3.9 3.9 3.9 3.9 3.8 3.9 3.8 653.4
37.0 10.0 37.0 32.1 64.6 4.0 4.1 4.0 4.1 4.0 4.1 4.1 4.0 4.1 4.0 4.0 4.0 4.0 4.0 4.0 4.1 655.8
40.0 10.0 40.0 32.3 69.0 4.3 4.3 4.3 4.3 4.3 4.3 4.3 4.3 4.4 4.3 4.3 4.3 4.3 4.3 4.4 4.3 660.1
42.0 10.0 42.1 33.1 71.1 4.4 4.5 4.4 4.5 4.5 4.4 4.4 4.4 4.5 4.4 4.4 4.4 4.5 4.5 4.5 4.4 663.6
45.0 10.0 45.0 33.4 74.5 4.7 4.6 4.7 4.6 4.7 4.7 4.6 4.6 4.6 4.7 4.7 4.6 4.6 4.7 4.7 4.7 683.5
47.0 10.0 47.1 33.6 77.2 4.8 4.9 4.9 4.8 4.8 4.8 4.8 4.8 4.8 4.8 4.9 4.8 4.9 4.8 4.8 4.8 685.4
50.0 10.0 50.0 33.3 79.6 4.9 5.0 5.0 5.0 4.9 5.0 4.9 5.0 5.0 5.0 5.0 4.9 5.0 5.0 5.0 5.0 687.0
1.0 10.5 1.0 44.8 1.6 0.1 0.1 0.1 0.1 0.1 0.1 0.1 0.1 0.1 0.1 0.1 0.1 0.1 0.1 0.1 0.1 628.3
3.0 10.5 3.0 43.0 6.4 0.4 0.4 0.4 0.4 0.4 0.4 0.4 0.4 0.4 0.4 0.4 0.4 0.4 0.4 0.4 0.4 569.5
5.0 10.5 5.0 42.9 11.0 0.7 0.7 0.7 0.7 0.7 0.6 0.7 0.7 0.7 0.7 0.6 0.7 0.7 0.7 0.7 0.7 574.1
7.0 10.5 7.0 42.4 14.5 0.9 1.0 0.9 0.9 0.9 0.9 0.9 0.9 0.9 0.9 0.9 0.9 0.9 0.9 0.9 0.9 580.5
10.0 10.5 10.0 41.2 20.7 1.3 1.3 1.3 1.3 1.3 1.3 1.2 1.3 1.3 1.3 1.3 1.3 1.3 1.3 1.3 1.3 578.2
12.0 10.5 12.0 40.2 23.8 1.4 1.5 1.5 1.5 1.5 1.5 1.5 1.5 1.5 1.5 1.5 1.5 1.5 1.5 1.5 1.4 582.2
15.0 10.5 15.0 39.5 28.5 1.8 1.8 1.8 1.8 1.8 1.8 1.7 1.8 1.8 1.8 1.8 1.8 1.7 1.7 1.8 1.8 582.5
18.0 10.5 18.0 38.2 33.7 2.1 2.1 2.2 2.1 2.1 2.1 2.1 2.1 2.1 2.1 2.1 2.1 2.1 2.1 2.1 2.1 604.9
20.0 10.5 20.0 37.2 37.7 2.4 2.4 2.4 2.3 2.4 2.4 2.3 2.4 2.4 2.4 2.4 2.3 2.3 2.3 2.3 2.3 604.9
22.0 10.5 22.0 35.8 40.4 2.5 2.6 2.5 2.5 2.5 2.6 2.5 2.5 2.5 2.5 2.5 2.5 2.5 2.6 2.6 2.5 605.1
25.0 10.5 25.0 34.1 44.9 2.8 2.8 2.8 2.8 2.8 2.8 2.8 2.8 2.9 2.8 2.8 2.8 2.8 2.8 2.8 2.8 607.1
27.0 10.5 27.0 33.4 47.9 3.0 3.0 3.0 2.9 3.0 2.9 3.0 3.0 3.0 3.0 3.0 3.1 3.0 3.0 3.0 3.0 625.7
30.0 10.5 30.0 32.1 51.9 3.2 3.2 3.2 3.3 3.3 3.3 3.2 3.3 3.2 3.2 3.2 3.2 3.2 3.3 3.3 3.3 627.9
32.0 10.5 32.0 32.2 53.7 3.3 3.4 3.3 3.4 3.4 3.3 3.3 3.3 3.4 3.4 3.4 3.4 3.4 3.3 3.4 3.3 629.9
35.0 10.5 35.0 31.6 58.7 3.7 3.7 3.7 3.6 3.7 3.7 3.7 3.7 3.7 3.6 3.6 3.7 3.6 3.7 3.7 3.6 631.6
37.0 10.5 37.0 32.1 60.9 3.8 3.8 3.8 3.8 3.8 3.8 3.8 3.8 3.8 3.8 3.9 3.8 3.8 3.8 3.8 3.8 633.3
40.0 10.5 40.0 33.1 64.0 4.0 4.0 4.0 4.0 4.0 4.0 4.0 4.0 4.0 4.0 4.0 4.0 4.0 4.0 4.0 4.0 653.4
42.0 10.5 42.0 33.1 68.1 4.3 4.2 4.3 4.2 4.2 4.2 4.3 4.3 4.3 4.2 4.2 4.3 4.3 4.2 4.3 4.3 669.9
45.0 10.5 45.0 33.4 71.8 4.5 4.5 4.5 4.5 4.5 4.4 4.5 4.5 4.4 4.5 4.5 4.5 4.5 4.5 4.5 4.5 688.4
47.0 10.5 47.0 33.5 73.7 4.6 4.6 4.6 4.6 4.6 4.6 4.6 4.6 4.6 4.6 4.6 4.6 4.7 4.6 4.6 4.6 685.0
50.0 10.5 50.1 33.1 76.6 4.7 4.8 4.8 4.8 4.8 4.8 4.8 4.8 4.8 4.8 4.8 4.8 4.8 4.7 4.8 4.8 695.8
1.0 11.0 1.0 44.6 1.6 0.1 0.1 0.1 0.1 0.1 0.1 0.1 0.1 0.1 0.1 0.1 0.1 0.1 0.1 0.1 0.1 622.7
3.0 11.0 3.0 43.5 6.4 0.4 0.4 0.4 0.4 0.4 0.4 0.4 0.4 0.4 0.4 0.4 0.4 0.4 0.4 0.4 0.4 541.6
5.0 11.0 5.0 42.9 9.6 0.6 0.6 0.6 0.6 0.6 0.6 0.6 0.6 0.6 0.6 0.6 0.6 0.6 0.6 0.6 0.6 548.8
7.0 11.0 7.0 42.1 14.1 0.9 0.8 0.9 0.8 0.9 0.9 0.9 0.8 0.9 0.9 0.9 0.9 0.9 0.9 0.9 0.9 556.5
10.0 11.0 10.0 41.3 19.4 1.3 1.2 1.2 1.2 1.2 1.2 1.2 1.2 1.2 1.2 1.2 1.2 1.2 1.2 1.3 1.2 558.6
12.0 11.0 12.0 40.5 22.5 1.4 1.4 1.4 1.4 1.4 1.4 1.4 1.4 1.4 1.4 1.4 1.5 1.4 1.4 1.4 1.4 559.4
15.0 11.0 15.0 39.7 27.2 1.7 1.7 1.7 1.7 1.7 1.7 1.7 1.7 1.7 1.7 1.7 1.7 1.7 1.7 1.7 1.7 562.5
18.0 11.0 18.0 38.3 32.3 2.0 2.0 2.0 2.0 2.1 2.1 2.0 2.0 2.0 2.0 2.0 2.0 2.0 2.1 2.0 2.0 561.5
20.0 11.0 20.0 37.1 36.0 2.3 2.3 2.2 2.3 2.3 2.2 2.3 2.2 2.2 2.2 2.3 2.2 2.2 2.3 2.2 2.3 561.6
22.0 11.0 22.0 35.8 38.5 2.4 2.4 2.4 2.4 2.4 2.4 2.4 2.5 2.4 2.4 2.4 2.4 2.4 2.4 2.4 2.4 567.8
25.0 11.0 25.0 34.2 42.8 2.7 2.7 2.7 2.7 2.6 2.6 2.7 2.7 2.7 2.7 2.7 2.7 2.7 2.7 2.6 2.6 598.8
27.0 11.0 27.0 33.3 45.4 2.8 2.8 2.8 2.9 2.9 2.8 2.8 2.8 2.9 2.9 2.9 2.8 2.8 2.9 2.8 2.8 600.9
30.0 11.0 30.0 32.1 49.4 3.1 3.1 3.1 3.1 3.0 3.1 3.1 3.1 3.1 3.0 3.1 3.1 3.1 3.1 3.1 3.1 602.1
32.0 11.0 32.0 31.4 52.5 3.3 3.3 3.2 3.3 3.3 3.3 3.2 3.3 3.3 3.3 3.3 3.2 3.3 3.3 3.3 3.3 603.9
35.0 11.0 35.0 31.7 56.2 3.5 3.5 3.5 3.5 3.5 3.5 3.5 3.6 3.5 3.5 3.5 3.6 3.5 3.5 3.5 3.5 623.6
37.0 11.0 37.0 32.1 58.8 3.6 3.7 3.7 3.7 3.6 3.7 3.7 3.6 3.7 3.7 3.7 3.6 3.7 3.7 3.7 3.7 640.1
40.0 11.0 40.0 32.4 62.3 3.9 3.9 3.9 3.9 3.9 3.9 3.8 3.9 3.9 3.9 3.9 3.9 3.9 3.9 3.9 3.9 650.0
42.0 11.0 42.0 33.1 64.1 4.0 4.0 4.0 4.0 4.0 4.0 4.0 4.0 4.0 4.0 4.0 4.0 4.1 4.0 4.0 4.0 648.8
45.0 11.0 45.0 33.4 68.1 4.2 4.2 4.3 4.2 4.3 4.2 4.3 4.2 4.2 4.3 4.3 4.3 4.2 4.3 4.3 4.3 673.1
47.0 11.0 47.0 33.5 70.1 4.3 4.4 4.4 4.4 4.3 4.4 4.4 4.4 4.4 4.4 4.4 4.4 4.4 4.4 4.4 4.3 675.6
50.0 11.0 50.1 33.2 72.3 4.5 4.6 4.5 4.5 4.5 4.5 4.5 4.6 4.5 4.5 4.5 4.5 4.5 4.5 4.5 4.6 677.0
1.0 11.5 1.0 44.3 1.7 0.2 0.1 0.1 0.1 0.1 0.1 0.1 0.1 0.1 0.1 0.1 0.1 0.1 0.1 0.1 0.1 625.2
3.0 11.5 3.0 43.1 6.3 0.4 0.4 0.4 0.4 0.4 0.4 0.4 0.4 0.4 0.3 0.4 0.4 0.4 0.4 0.4 0.4 549.8
5.0 11.5 5.0 43.5 9.4 0.6 0.6 0.6 0.6 0.5 0.6 0.6 0.6 0.6 0.6 0.6 0.6 0.6 0.5 0.6 0.6 556.1
7.0 11.5 7.0 42.5 13.0 0.8 0.8 0.9 0.8 0.8 0.8 0.8 0.8 0.8 0.9 0.8 0.8 0.8 0.8 0.8 0.8 557.2
10.0 11.5 10.0 41.5 18.6 1.2 1.1 1.2 1.1 1.2 1.2 1.1 1.1 1.1 1.2 1.2 1.2 1.2 1.1 1.2 1.2 559.7
12.0 11.5 12.0 40.4 21.7 1.3 1.4 1.3 1.4 1.3 1.4 1.3 1.4 1.4 1.4 1.3 1.4 1.4 1.4 1.3 1.3 562.3
15.0 11.5 15.0 39.7 26.0 1.6 1.6 1.6 1.6 1.7 1.7 1.6 1.6 1.6 1.7 1.6 1.6 1.6 1.7 1.6 1.6 561.2
18.0 11.5 18.0 37.9 31.3 2.0 2.0 2.0 1.9 1.9 2.0 1.9 1.9 2.0 2.0 1.9 2.0 1.9 1.9 2.0 2.0 563.7
20.0 11.5 20.0 36.9 34.5 2.1 2.1 2.2 2.1 2.1 2.2 2.2 2.1 2.2 2.2 2.2 2.2 2.2 2.1 2.1 2.2 565.2
22.0 11.5 22.0 35.8 36.8 2.3 2.3 2.3 2.3 2.3 2.3 2.3 2.3 2.3 2.3 2.3 2.3 2.3 2.3 2.3 2.3 565.4
25.0 11.5 25.0 34.1 40.8 2.6 2.5 2.6 2.5 2.5 2.5 2.5 2.6 2.5 2.6 2.5 2.5 2.6 2.6 2.6 2.6 567.1
27.0 11.5 27.0 33.4 43.7 2.7 2.8 2.7 2.7 2.7 2.7 2.8 2.7 2.7 2.7 2.8 2.8 2.8 2.7 2.7 2.7 588.4
30.0 11.5 30.0 32.2 47.2 3.0 3.0 2.9 3.0 3.0 2.9 2.9 3.0 2.9 2.9 2.9 3.0 2.9 3.0 3.0 2.9 628.5
32.0 11.5 32.0 31.1 50.0 3.1 3.1 3.1 3.2 3.2 3.1 3.1 3.1 3.1 3.2 3.1 3.1 3.2 3.1 3.1 3.1 650.2
35.0 11.5 35.0 31.6 54.0 3.3 3.4 3.4 3.4 3.4 3.4 3.4 3.3 3.4 3.4 3.3 3.4 3.4 3.3 3.4 3.4 653.2
37.0 11.5 37.0 32.0 56.7 3.5 3.6 3.5 3.6 3.6 3.5 3.5 3.6 3.6 3.5 3.6 3.5 3.5 3.5 3.5 3.6 655.0
40.0 11.5 40.0 32.4 59.7 3.7 3.7 3.8 3.8 3.8 3.7 3.8 3.7 3.7 3.7 3.7 3.7 3.7 3.7 3.7 3.8 676.8
42.0 11.5 42.0 33.1 62.1 3.9 3.9 3.9 3.9 3.9 3.8 3.9 3.9 3.9 3.8 3.9 3.8 3.9 3.9 3.9 3.9 676.3
45.0 11.5 45.0 33.3 64.2 4.0 4.0 4.0 4.0 4.0 4.0 4.1 4.0 4.0 4.0 4.1 4.0 4.0 4.0 4.0 4.0 665.4
47.0 11.5 47.1 33.5 67.2 4.2 4.2 4.2 4.2 4.2 4.2 4.2 4.2 4.2 4.2 4.2 4.2 4.2 4.2 4.2 4.2 677.9
50.0 11.5 50.1 33.2 69.8 4.3 4.4 4.4 4.4 4.4 4.4 4.3 4.4 4.4 4.3 4.4 4.4 4.3 4.4 4.3 4.3 677.3
1.0 12.0 1.0 44.7 1.7 0.1 0.1 0.1 0.1 0.1 0.1 0.1 0.2 0.1 0.1 0.1 0.1 0.1 0.1 0.1 0.1 641.0
3.0 12.0 3.0 43.2 6.0 0.4 0.4 0.4 0.4 0.3 0.4 0.4 0.3 0.3 0.4 0.4 0.4 0.4 0.4 0.4 0.3 578.3
5.0 12.0 5.0 43.4 9.8 0.6 0.6 0.6 0.6 0.6 0.6 0.6 0.6 0.6 0.6 0.6 0.6 0.6 0.6 0.7 0.7 586.8
7.0 12.0 7.0 42.3 12.7 0.8 0.8 0.8 0.8 0.8 0.8 0.7 0.8 0.8 0.8 0.8 0.8 0.8 0.8 0.8 0.8 592.6
10 12.0 10.02030726677831 41.3824027072758 17.7 1.1 1.1 1.1 1.1 1.1 1.1 1.1 1.1 1.1 1.1 1.1 1.2 1.1 1.1 1.1 1.1 597.5189957583893
12 12.0 12.021966403009408 40.99163179916318 21.100000000000005 1.4 1.3 1.3 1.3 1.4 1.4 1.3 1.3 1.3 1.3 1.3 1.3 1.3 1.3 1.3 1.3 590.9917185723907
15 12.0 15.024247396048182 39.630289532293986 25.70000000000001 1.6 1.6 1.6 1.7 1.6 1.6 1.6 1.6 1.6 1.6 1.6 1.6 1.6 1.6 1.6 1.6 591.3919020671138
18 12.0 18.027246874063326 38.18130841121496 30.099999999999994 1.9 1.9 1.9 1.9 1.9 1.8 1.8 1.9 1.9 1.9 1.9 1.9 1.8 1.9 1.9 1.9 597.1225359463093
20 12.0 20.025842891752173 37.076150627615064 32.80000000000001 2.0 2.0 2.0 2.0 2.0 2.0 2.1 2.0 2.0 2.1 2.1 2.1 2.1 2.1 2.1 2.1 597.1895289127514
22 12.0 22.027515684000345 35.71667936024372 35.4 2.2 2.2 2.2 2.3 2.2 2.2 2.2 2.2 2.2 2.2 2.2 2.2 2.3 2.2 2.2 2.2 600.0467088322151
25 12.0 25.029575048767654 34.20805369127517 38.99999999999999 2.5 2.4 2.4 2.5 2.4 2.5 2.4 2.4 2.4 2.5 2.5 2.4 2.5 2.4 2.4 2.4 614.6515741208052
27 12.0 27.02882934431576 33.374611076540134 41.60000000000001 2.7 2.6 2.6 2.6 2.6 2.6 2.6 2.6 2.6 2.6 2.6 2.6 2.6 2.6 2.5 2.6 612.0456796778533
30 12.0 30.041839691808345 32.13021420518602 44.89999999999999 2.8 2.8 2.8 2.8 2.8 2.8 2.8 2.8 2.8 2.8 2.8 2.8 2.8 2.8 2.9 2.8 656.7407093691273
32 12.0 32.03969733808983 31.170795993674222 47.8 3.0 3.0 2.9 3.0 3.0 3.0 3.0 3.0 3.0 3.0 3.0 3.0 3.0 3.0 3.0 2.9 662.6763081879196
35 12.0 35.04032195128326 31.729638554216866 51.20000000000001 3.2 3.2 3.2 3.2 3.2 3.2 3.2 3.2 3.2 3.2 3.2 3.2 3.2 3.2 3.2 3.2 682.6492151409401
37 12.0 37.04132514684649 32.168339416058394 53.69999999999998 3.4 3.3 3.3 3.4 3.3 3.4 3.4 3.4 3.3 3.3 3.3 3.4 3.4 3.3 3.4 3.4 684.5974679194627
40 12.0 40.042726395965744 33.15142617449664 56.80000000000001 3.5 3.5 3.5 3.6 3.6 3.6 3.6 3.5 3.5 3.5 3.6 3.6 3.5 3.5 3.6 3.6 688.4571919463084
42 12.0 42.04677224394413 33.058087938684956 58.90000000000002 3.7 3.6 3.6 3.7 3.7 3.7 3.7 3.7 3.7 3.7 3.7 3.6 3.7 3.7 3.7 3.7 682.6703686442951
45 12.0 45.046820781754455 33.41218236173393 62.399999999999984 3.9 3.9 3.9 3.9 3.9 3.9 3.9 3.9 3.9 3.9 3.9 3.9 3.9 3.9 3.9 3.9 697.3930420402684
47 12.0 47.04385974983833 33.52299465240642 64.30000000000001 4.0 4.0 4.0 4.0 4.0 4.0 4.0 4.1 4.0 4.0 4.1 4.0 4.0 4.0 4.1 4.0 703.2112038657718
50 12.0 50.05637891977692 33.17289719626168 67.20000000000002 4.2 4.2 4.2 4.2 4.2 4.2 4.2 4.2 4.2 4.2 4.2 4.2 4.2 4.2 4.2 4.2 711.4926423624163
1 12.0 1.0173003336698045 43.166666666666664 1.6000000000000003 0.1 0.1 0.1 0.1 0.1 0.1 0.1 0.1 0.1 0.1 0.1 0.1 0.1 0.1 0.1 0.1 640.690615838926
3 12.0 3.0176755885654982 43.17877094972067 5.3999999999999995 0.3 0.4 0.4 0.4 0.3 0.3 0.4 0.3 0.3 0.3 0.4 0.3 0.3 0.3 0.4 0.3 563.1433317710446
5 12.0 5.018734746827058 42.9695945945946 8.0 0.5 0.5 0.5 0.5 0.5 0.5 0.5 0.5 0.5 0.5 0.5 0.5 0.5 0.5 0.5 0.5 569.0746707609428
7 12.0 7.0199652491099025 42.26442307692308 12.600000000000001 0.8 0.8 0.8 0.8 0.7 0.8 0.8 0.8 0.8 0.8 0.8 0.8 0.7 0.8 0.8 0.8 571.817004821549
10 12.5 10.02146749864154 41.15397631133672 16.9 1.1 1.0 1.1 1.0 1.1 1.0 1.0 1.1 1.1 1.1 1.1 1.0 1.0 1.0 1.1 1.1 574.9313975838929
12 12.5 12.022789081526048 40.29763560500695 20.500000000000007 1.3 1.3 1.2 1.2 1.3 1.2 1.3 1.3 1.3 1.3 1.3 1.3 1.3 1.3 1.3 1.3 574.2022697373737
15 12.5 15.025053376761333 39.51950947603122 24.3 1.6 1.5 1.5 1.6 1.5 1.5 1.5 1.5 1.5 1.5 1.5 1.5 1.5 1.5 1.5 1.6 575.8225387382548
18 12.5 18.025156495123436 38.20925925925926 28.900000000000006 1.8 1.8 1.8 1.8 1.8 1.8 1.8 1.8 1.8 1.8 1.9 1.8 1.8 1.8 1.8 1.8 577.1414782281879
20 12.5 20.026618101888225 37.01754385964912 32.0 2.0 2.0 2.0 2.0 2.0 2.0 2.0 2.0 2.0 2.0 2.0 2.0 2.0 2.0 2.0 2.0 577.0181996241612
22 12.5 22.02714764599586 35.619192688499616 33.70000000000001 2.1 2.1 2.1 2.1 2.1 2.1 2.1 2.1 2.2 2.1 2.1 2.1 2.1 2.1 2.1 2.1 579.2470284026845
25 12.5 25.028142285332876 34.25 37.39999999999999 2.3 2.4 2.3 2.3 2.4 2.4 2.3 2.3 2.4 2.3 2.4 2.3 2.4 2.3 2.3 2.3 599.76642147651
27 12.5 27.030866728924583 33.23325062034739 40.0 2.5 2.5 2.5 2.5 2.5 2.5 2.5 2.5 2.5 2.5 2.5 2.5 2.5 2.5 2.5 2.5 598.1801148993279
30 12.5 30.037420416533102 32.21873247335951 43.20000000000001 2.7 2.7 2.7 2.7 2.7 2.7 2.7 2.7 2.7 2.7 2.7 2.7 2.7 2.7 2.7 2.7 632.4179741208053
32 12.5 32.041643032563705 31.25694808599895 46.29999999999999 2.9 2.9 2.9 2.9 2.9 2.8 2.9 2.9 2.9 2.9 2.9 2.9 2.9 2.9 2.9 2.9 657.5271276241614
35 12.5 35.04084959925991 31.61431316042267 49.500000000000014 3.1 3.1 3.1 3.1 3.1 3.1 3.1 3.1 3.0 3.1 3.1 3.1 3.1 3.1 3.1 3.1 658.808928214765
37 12.5 37.04507309984807 32.04787714543812 51.70000000000001 3.2 3.2 3.3 3.3 3.3 3.2 3.2 3.3 3.2 3.2 3.2 3.2 3.3 3.2 3.2 3.2 665.3245646174496
40 12.5 40.051508477647154 32.92359645420009 54.399999999999984 3.4 3.4 3.4 3.4 3.4 3.4 3.4 3.4 3.4 3.4 3.4 3.4 3.4 3.4 3.4 3.4 683.404872161074
42 12.5 42.046291983286416 32.96024096385542 56.6 3.5 3.6 3.6 3.6 3.5 3.5 3.6 3.6 3.6 3.5 3.5 3.5 3.5 3.5 3.5 3.5 680.5579047516779
45 12.5 45.050397396391304 33.38878504672897 59.7 3.8 3.8 3.7 3.7 3.7 3.7 3.7 3.7 3.7 3.8 3.7 3.7 3.8 3.7 3.7 3.8 680.2295100134226
47 12.5 47.04582762175243 33.51677373304782 61.999999999999986 3.8 3.9 3.8 3.8 3.9 3.9 3.9 3.9 3.9 3.9 3.9 3.9 3.9 3.9 3.8 3.9 684.1974344161073
50 12.5 50.05885229827636 33.13443955299695 63.699999999999996 3.9 4.0 4.0 4.0 4.0 4.0 4.0 4.0 3.9 3.9 4.0 4.0 4.0 4.0 4.0 4.0 684.9842925100666
1 13.0 1.0172860332263505 44.266666666666666 1.6000000000000003 0.1 0.1 0.1 0.1 0.1 0.1 0.1 0.1 0.1 0.1 0.1 0.1 0.1 0.1 0.1 0.1 641.6366543892611
3 13.0 3.0177799446331934 43.11666666666667 4.899999999999999 0.3 0.3 0.3 0.3 0.3 0.3 0.3 0.3 0.3 0.4 0.3 0.3 0.3 0.3 0.3 0.3 580.6092233020129
5 13.0 5.018564842069536 42.47826086956522 9.499999999999998 0.6 0.6 0.6 0.6 0.6 0.6 0.6 0.6 0.6 0.5 0.6 0.6 0.6 0.6 0.6 0.6 587.6746858523481
7 13.0 7.019736552042449 42.26201923076923 11.799999999999999 0.7 0.7 0.8 0.7 0.7 0.8 0.8 0.8 0.7 0.7 0.7 0.7 0.8 0.8 0.7 0.7 586.7872642154879
10 13.0 10.020788018294166 41.178451178451176 16.1 1.0 1.0 1.0 1.0 1.0 1.0 1.0 1.0 1.0 1.0 1.0 1.1 1.0 1.0 1.0 1.0 588.2850035973153
12 13.0 12.025562453406653 40.98597475455821 19.199999999999996 1.2 1.2 1.2 1.2 1.2 1.2 1.2 1.2 1.2 1.2 1.2 1.2 1.2 1.2 1.2 1.2 590.5833184107747
15 13.0 15.024842122511028 39.699776785714285 23.8 1.5 1.5 1.4 1.4 1.5 1.5 1.5 1.5 1.5 1.5 1.5 1.5 1.5 1.5 1.5 1.5 593.3362237852344
18 13.0 18.02457086451056 38.28999064546305 27.499999999999993 1.7 1.7 1.8 1.8 1.7 1.7 1.7 1.7 1.8 1.7 1.7 1.7 1.7 1.7 1.7 1.7 595.6935680000006
20 13.0 20.028147607282236 36.96290050590219 30.29999999999999 1.9 1.9 1.8 1.9 1.9 1.9 1.9 1.9 1.9 1.9 1.9 1.9 1.9 1.9 1.9 1.9 612.6348301744968
22 13.0 22.030416289746142 35.92697924673328 32.300000000000004 2.0 2.0 2.0 2.1 2.0 2.0 2.0 2.0 2.0 2.1 2.1 2.0 2.0 2.0 2.0 2.0 618.1046670604032
25 13.0 25.03426198656008 34.241588156123825 36.599999999999994 2.3 2.2 2.3 2.3 2.3 2.3 2.3 2.3 2.3 2.3 2.3 2.3 2.2 2.3 2.3 2.3 621.3447542550335
27 13.0 27.036016765963083 33.2605459057072 38.39999999999999 2.4 2.4 2.4 2.4 2.4 2.4 2.4 2.4 2.4 2.4 2.4 2.4 2.4 2.4 2.4 2.4 641.6848717315436
30 13.0 30.03859818931301 32.057464788732396 41.60000000000001 2.6 2.6 2.6 2.6 2.6 2.6 2.6 2.6 2.6 2.6 2.6 2.6 2.6 2.6 2.6 2.6 646.2510595436238
32 13.0 32.03635460633147 32.18095739084692 44.00000000000001 2.8 2.8 2.8 2.8 2.8 2.7 2.8 2.7 2.7 2.8 2.7 2.7 2.7 2.8 2.7 2.7 664.293733369127
35 13.0 35.044364220560205 31.61578947368421 47.699999999999996 3.0 3.0 2.9 3.0 3.0 3.0 3.0 3.0 3.0 3.0 3.0 3.0 2.9 2.9 3.0 3.0 669.2698922953016
37 13.0 37.041558812063606 32.071686203787195 49.90000000000001 3.1 3.1 3.1 3.2 3.1 3.1 3.1 3.1 3.1 3.2 3.1 3.1 3.1 3.1 3.2 3.1 672.2032193288587
40 13.0 40.03885931316856 32.44060657118787 52.69999999999999 3.3 3.3 3.3 3.3 3.3 3.3 3.3 3.3 3.3 3.3 3.3 3.3 3.3 3.3 3.3 3.2 686.8933446442957
42 13.0 42.04119975360927 33.00399680255796 54.59999999999999 3.4 3.4 3.4 3.4 3.4 3.4 3.4 3.5 3.4 3.4 3.4 3.5 3.4 3.4 3.4 3.4 685.7569383087249
45 13.0 45.05259642464916 33.43859649122807 57.600000000000016 3.6 3.6 3.6 3.6 3.6 3.6 3.6 3.6 3.6 3.6 3.6 3.6 3.6 3.6 3.6 3.6 720.8271514630877
47 13.0 47.04648224552751 33.5845045045045 58.90000000000002 3.6 3.7 3.7 3.7 3.7 3.7 3.7 3.6 3.7 3.7 3.6 3.7 3.7 3.7 3.7 3.7 729.2292707651004
50 13.0 50.05316134320602 33.234258632362895 60.89999999999998 3.8 3.8 3.8 3.8 3.8 3.8 3.8 3.9 3.8 3.8 3.8 3.8 3.8 3.8 3.8 3.8 730.4648332885905
1 13.5 1.0173449860093366 45.15 1.6000000000000003 0.1 0.1 0.1 0.1 0.1 0.1 0.1 0.1 0.1 0.1 0.1 0.1 0.1 0.1 0.1 0.1 641.8781671946302
3 13.5 3.0179996510144154 43.605555555555554 4.799999999999999 0.3 0.3 0.3 0.3 0.3 0.3 0.3 0.3 0.3 0.3 0.3 0.3 0.3 0.3 0.3 0.3 564.6710137986574
5 13.5 5.018764984101004 42.852842809364546 8.0 0.5 0.5 0.5 0.5 0.5 0.5 0.5 0.5 0.5 0.5 0.5 0.5 0.5 0.5 0.5 0.5 578.9295334228187
7 13.5 7.019357059946607 42.389021479713605 11.199999999999998 0.7 0.7 0.7 0.7 0.7 0.7 0.7 0.7 0.7 0.7 0.7 0.7 0.7 0.7 0.7 0.7 577.7002935838926
10 13.5 10.02181793515826 41.30050083472454 15.9 1.0 1.0 1.0 1.0 1.0 1.0 1.0 1.0 1.0 1.0 1.0 1.0 1.0 1.0 0.9 1.0 575.2642731812078
12 13.5 12.022292478276857 41.063025210084035 18.9 1.2 1.2 1.2 1.2 1.2 1.2 1.2 1.2 1.1 1.2 1.2 1.1 1.2 1.2 1.2 1.1 578.5568798926173
15 13.5 15.023139589057488 39.64333333333333 22.9 1.5 1.5 1.4 1.5 1.4 1.4 1.4 1.5 1.4 1.4 1.4 1.4 1.4 1.4 1.5 1.4 581.1479710067109
18 13.5 18.026503622688153 38.33457595526561 26.400000000000006 1.6 1.7 1.7 1.7 1.7 1.7 1.6 1.7 1.7 1.6 1.6 1.6 1.6 1.7 1.6 1.6 582.6412791409394
18 13.0 18.026503622688153 38.33457595526561 26.400000000000006 1.6 1.7 1.7 1.7 1.7 1.7 1.6 1.7 1.7 1.6 1.6 1.6 1.6 1.7 1.6 1.6 582.6412791409394
20 13.0 20.03139250402387 37.02542372881356 28.800000000000008 1.8 1.8 1.8 1.8 1.8 1.8 1.8 1.8 1.8 1.8 1.8 1.8 1.8 1.8 1.8 1.8 585.7281924295304
22 13.0 22.027887643517637 35.833333333333336 32.0 2.0 2.0 2.0 2.0 2.0 2.0 2.0 2.0 2.0 2.0 2.0 2.0 2.0 2.0 2.0 2.0 593.4972048322152
25 13.0 25.034559337471052 34.22110888443554 35.3 2.2 2.2 2.2 2.2 2.2 2.2 2.2 2.2 2.2 2.2 2.2 2.2 2.2 2.3 2.2 2.2 620.018818577181
27 13.0 27.03576089359317 33.378026070763504 36.8 2.3 2.3 2.3 2.3 2.3 2.3 2.3 2.3 2.3 2.3 2.3 2.3 2.3 2.3 2.3 2.3 621.0559037852349
30 13.0 30.036738698472348 32.24873096446701 40.0 2.5 2.5 2.5 2.5 2.5 2.5 2.5 2.5 2.5 2.5 2.5 2.5 2.5 2.5 2.5 2.5 623.5295029261746
32 13.0 32.03727278026673 31.192307692307693 42.00000000000001 2.6 2.6 2.6 2.6 2.6 2.6 2.6 2.6 2.6 2.6 2.7 2.7 2.7 2.6 2.7 2.6 624.6537999463089
35 13.0 35.044572372381026 31.799520383693046 45.29999999999999 2.8 2.8 2.8 2.8 2.9 2.9 2.8 2.8 2.9 2.8 2.8 2.8 2.8 2.9 2.8 2.9 667.7215493154359
37 13.0 37.0451798640732 32.09469350411711 47.699999999999996 3.0 2.9 3.0 3.0 3.0 3.0 2.9 3.0 3.0 3.0 2.9 3.0 3.0 3.0 3.0 3.0 676.2149764295308
40 13.0 40.043373420397415 32.833333333333336 51.20000000000001 3.2 3.2 3.2 3.2 3.2 3.2 3.2 3.2 3.2 3.2 3.2 3.2 3.2 3.2 3.2 3.2 678.8608412348995
42 13.0 42.04364319749185 32.99364827312426 52.899999999999984 3.3 3.3 3.3 3.3 3.3 3.4 3.3 3.3 3.3 3.3 3.3 3.3 3.3 3.3 3.3 3.3 678.7053444295303
45 13.0 45.053284345640314 33.45471556886228 55.6 3.4 3.5 3.4 3.5 3.5 3.4 3.5 3.5 3.5 3.5 3.5 3.5 3.4 3.5 3.5 3.5 681.2614546040267
47 13.0 47.05575117527393 33.669871794871796 57.600000000000016 3.6 3.6 3.6 3.6 3.6 3.6 3.6 3.6 3.6 3.6 3.6 3.6 3.6 3.6 3.6 3.6 679.5517594630874
50 13.0 50.0539867008617 33.15518978837756 59.10000000000002 3.7 3.7 3.7 3.7 3.7 3.6 3.7 3.7 3.7 3.7 3.7 3.7 3.7 3.7 3.7 3.7 702.250045852349
1 14.0 1.0172709666954596 44.46666666666667 1.6000000000000003 0.1 0.1 0.1 0.1 0.1 0.1 0.1 0.1 0.1 0.1 0.1 0.1 0.1 0.1 0.1 0.1 626.2670878926168
3 14.0 3.0180141442011466 43.513966480446925 4.799999999999999 0.3 0.3 0.3 0.3 0.3 0.3 0.3 0.3 0.3 0.3 0.3 0.3 0.3 0.3 0.3 0.3 559.1409464697988
5 14.0 5.019284649829939 43.2996632996633 7.600000000000001 0.5 0.5 0.5 0.5 0.4 0.5 0.5 0.5 0.5 0.4 0.4 0.5 0.5 0.5 0.5 0.4 559.447719218855
7 14.0 7.019322937040478 42.30310262529833 11.199999999999998 0.7 0.7 0.7 0.7 0.7 0.7 0.7 0.7 0.7 0.7 0.7 0.7 0.7 0.7 0.7 0.7 559.6777985723904
10 14.0 10.02042461224927 41.0016694490818 15.200000000000001 0.9 1.0 0.9 0.9 1.0 1.0 1.0 0.9 0.9 1.0 1.0 0.9 1.0 0.9 1.0 0.9 559.5609514093959
12 14.0 12.022835023898558 40.94965034965035 17.599999999999998 1.1 1.1 1.1 1.1 1.1 1.1 1.1 1.1 1.1 1.1 1.1 1.1 1.1 1.1 1.1 1.1 562.8463557583892
15 14.0 15.023876105631718 39.720982142857146 22.399999999999995 1.4 1.4 1.4 1.4 1.4 1.4 1.4 1.4 1.4 1.4 1.4 1.4 1.4 1.4 1.4 1.4 563.611194416107
18 14.0 18.02298467248786 38.204460966542754 25.700000000000006 1.6 1.6 1.6 1.6 1.6 1.6 1.6 1.6 1.6 1.6 1.7 1.6 1.6 1.6 1.6 1.6 565.4553015838927
20 14.0 20.02884386484503 37.07821698906644 28.300000000000004 1.7 1.7 1.7 1.8 1.7 1.8 1.7 1.8 1.8 1.8 1.8 1.8 1.8 1.8 1.8 1.8 566.9157729932883
22 14.0 22.02939629096599 35.80996168582376 30.299999999999994 1.9 1.9 1.9 1.9 1.9 1.9 1.9 1.9 1.9 1.9 1.9 1.8 1.9 1.9 1.9 1.9 587.4386160536908
25 14.0 25.033056992489858 34.203219315895375 33.60000000000001 2.1 2.1 2.1 2.1 2.1 2.1 2.1 2.1 2.1 2.1 2.1 2.1 2.1 2.1 2.1 2.1 590.164806442953
27 14.0 27.03617629752882 33.40634723086497 36.2 2.2 2.3 2.2 2.2 2.2 2.3 2.3 2.3 2.2 2.3 2.2 2.3 2.3 2.3 2.3 2.3 586.8530117583896
30 14.0 30.035631184438085 32.1966573816156 38.89999999999999 2.4 2.4 2.5 2.4 2.4 2.4 2.4 2.5 2.4 2.4 2.5 2.4 2.5 2.4 2.5 2.4 608.6574904697987
32 14.0 32.03549038504109 32.245113576333864 40.7 2.5 2.5 2.5 2.5 2.6 2.5 2.6 2.6 2.5 2.5 2.5 2.6 2.6 2.5 2.6 2.6 647.9088674362422
35 14.0 35.03843498541591 31.59343312409464 43.40000000000001 2.7 2.7 2.7 2.8 2.7 2.7 2.7 2.7 2.8 2.7 2.7 2.7 2.7 2.7 2.7 2.7 650.798980295302
37 14.0 37.04181551427232 32.09304426377597 46.399999999999984 2.9 2.9 2.9 2.9 2.9 2.9 2.9 2.9 2.9 2.9 2.9 2.9 2.9 2.9 2.9 2.9 648.3228520805376
40 14.0 40.047030736529905 33.37394603709949 48.900000000000006 3.1 3.0 3.0 3.0 3.1 3.1 3.1 3.0 3.1 3.1 3.1 3.0 3.0 3.1 3.0 3.1 651.4252834362414
42 14.0 42.04725866072763 33.129019292604504 50.10000000000001 3.1 3.2 3.1 3.1 3.2 3.2 3.1 3.2 3.1 3.1 3.1 3.1 3.1 3.1 3.2 3.1 654.4983555436238
45 14.0 45.050203054942386 33.34240954867587 53.19999999999999 3.3 3.3 3.4 3.3 3.3 3.3 3.3 3.3 3.3 3.4 3.3 3.4 3.3 3.4 3.3 3.3 654.1694659865765
47 14.0 47.05011750078119 33.62032085561497 55.199999999999996 3.5 3.4 3.5 3.4 3.5 3.5 3.5 3.5 3.4 3.5 3.4 3.5 3.4 3.4 3.4 3.4 656.6449756778525
50 14.0 50.05385932548281 33.261594928261594 57.600000000000016 3.6 3.6 3.6 3.6 3.6 3.6 3.6 3.6 3.6 3.6 3.6 3.6 3.6 3.6 3.6 3.6 701.038990604027
1 14.5 1.0171851267511045 46.7 1.6000000000000003 0.1 0.1 0.1 0.1 0.1 0.1 0.1 0.1 0.1 0.1 0.1 0.1 0.1 0.1 0.1 0.1 628.2250171275168
3 14.5 3.0183765800707856 43.353932584269664 4.799999999999999 0.3 0.3 0.3 0.3 0.3 0.3 0.3 0.3 0.3 0.3 0.3 0.3 0.3 0.3 0.3 0.3 559.51502947651
5 14.5 5.018535949268948 42.812709030100336 8.4 0.5 0.6 0.5 0.5 0.5 0.6 0.5 0.5 0.5 0.5 0.5 0.5 0.6 0.5 0.5 0.6 561.6601108686866
7 14.5 7.0214948175908525 42.16105769230769 10.399999999999997 0.7 0.6 0.6 0.6 0.7 0.7 0.6 0.6 0.7 0.6 0.6 0.6 0.7 0.7 0.7 0.7 565.127126765101
10 14.5 10.021300442950404 41.318333333333335 14.400000000000004 0.9 0.9 0.9 0.9 0.9 0.9 0.9 0.9 0.9 0.9 0.9 0.9 0.9 0.9 0.9 0.9 565.621670657718
12 14.5 12.022716333652982 40.627285513361464 17.5 1.1 1.1 1.1 1.1 1.1 1.1 1.0 1.1 1.1 1.1 1.1 1.1 1.1 1.1 1.1 1.1 562.9287980671141
15 14.5 15.026034983302127 39.73601789709172 20.800000000000004 1.3 1.3 1.3 1.3 1.3 1.3 1.3 1.3 1.3 1.3 1.3 1.3 1.3 1.3 1.3 1.3 572.6690723221473
18 14.5 18.026023361014776 38.39554317548747 25.200000000000006 1.6 1.5 1.6 1.5 1.5 1.6 1.6 1.6 1.6 1.6 1.6 1.6 1.5 1.6 1.6 1.6 580.9923504966445
20 14.5 20.02762433409007 37.039199332777315 27.199999999999992 1.7 1.7 1.7 1.7 1.7 1.7 1.7 1.7 1.7 1.7 1.7 1.7 1.7 1.7 1.7 1.7 580.8201123221479
22 14.5 22.02980146344165 35.856818181818184 29.3 1.8 1.8 1.9 1.8 1.8 1.8 1.9 1.8 1.8 1.8 1.9 1.9 1.9 1.8 1.8 1.8 584.7824287785231
25 14.5 25.033060868758906 34.195945945945944 32.0 2.0 2.0 2.0 2.0 2.0 2.0 2.0 2.0 2.0 2.0 2.0 2.0 2.0 2.0 2.0 2.0 577.4623682147651
27 14.5 27.035300983562607 33.364263322884014 34.400000000000006 2.1 2.1 2.2 2.2 2.2 2.1 2.1 2.2 2.2 2.1 2.1 2.2 2.1 2.2 2.1 2.2 583.5057413154362
30 14.5 30.0394005161151 32.29961089494164 38.29999999999999 2.4 2.4 2.3 2.4 2.4 2.4 2.4 2.4 2.4 2.4 2.4 2.4 2.4 2.4 2.4 2.4 605.4366737181206
32 14.5 32.039639923684554 31.39047619047619 39.699999999999996 2.5 2.5 2.5 2.5 2.4 2.5 2.5 2.5 2.5 2.5 2.5 2.5 2.4 2.4 2.5 2.5 627.9749961879194
35 14.5 35.03919774116837 31.67159199237369 43.10000000000001 2.7 2.7 2.7 2.7 2.7 2.7 2.7 2.7 2.7 2.7 2.7 2.7 2.7 2.7 2.7 2.6 634.6100763489935
37 14.5 37.0433067161763 31.9711802378774 44.2 2.7 2.8 2.7 2.8 2.8 2.7 2.7 2.8 2.8 2.8 2.8 2.8 2.7 2.8 2.8 2.7 657.2444623892615
40 14.5 40.05127828103253 33.19235615287694 48.0 3.0 3.0 3.0 3.0 3.0 3.0 3.0 3.0 3.0 3.0 3.0 3.0 3.0 3.0 3.0 3.0 678.558355758389
42 14.5 42.04385273583679 33.04193290734824 48.900000000000006 3.0 3.1 3.1 3.1 3.0 3.1 3.0 3.0 3.1 3.0 3.1 3.0 3.1 3.1 3.0 3.1 677.751746147651
45 14.5 45.04745966430601 33.35679702048417 51.7 3.2 3.3 3.2 3.2 3.3 3.2 3.2 3.3 3.2 3.2 3.3 3.2 3.2 3.3 3.2 3.2 678.3333506577184
47 14.5 47.05807582353325 33.55055376920329 52.899999999999984 3.3 3.3 3.3 3.3 3.3 3.3 3.3 3.3 3.3 3.3 3.4 3.3 3.3 3.3 3.3 3.3 697.2572005369123
50 14.5 50.05758336326081 33.23384094754653 54.59999999999999 3.4 3.4 3.4 3.4 3.4 3.5 3.4 3.4 3.4 3.4 3.4 3.4 3.4 3.5 3.4 3.4 734.7277796510074
1 15.0 1.0174155975352592 43.483333333333334 1.6000000000000003 0.1 0.1 0.1 0.1 0.1 0.1 0.1 0.1 0.1 0.1 0.1 0.1 0.1 0.1 0.1 0.1 622.7802785503354
3 15.0 3.018524389345588 43.11797752808989 4.799999999999999 0.3 0.3 0.3 0.3 0.3 0.3 0.3 0.3 0.3 0.3 0.3 0.3 0.3 0.3 0.3 0.3 556.8264040805373
5 15.0 5.019484186114724 42.99662162162162 8.0 0.5 0.5 0.5 0.5 0.5 0.5 0.5 0.5 0.5 0.5 0.5 0.5 0.5 0.5 0.5 0.5 557.3004404832211
7 15.0 7.018784165770903 42.45584725536993 10.399999999999997 0.7 0.7 0.6 0.7 0.6 0.7 0.7 0.6 0.6 0.6 0.6 0.7 0.6 0.7 0.6 0.7 559.4555275167787
10 15.0 10.02091797790728 40.95309882747069 14.400000000000004 0.9 0.9 0.9 0.9 0.9 0.9 0.9 0.9 0.9 0.9 0.9 0.9 0.9 0.9 0.9 0.9 559.7554151946305
12 15.0 12.022788687170923 40.54608938547486 17.2 1.1 1.1 1.1 1.1 1.1 1.1 1.1 1.0 1.0 1.1 1.0 1.1 1.0 1.1 1.1 1.1 562.8386998120803
15 15.0 15.024820620750548 39.684151785714285 20.700000000000006 1.3 1.3 1.3 1.3 1.3 1.3 1.3 1.3 1.3 1.3 1.3 1.3 1.2 1.3 1.3 1.3 563.5359407248325
18 15.0 18.032679303632573 38.31539888682746 24.0 1.5 1.5 1.5 1.5 1.5 1.5 1.5 1.5 1.5 1.5 1.5 1.5 1.5 1.5 1.5 1.5 583.5057550604027
20 15.0 20.027838567992593 36.96997497914929 26.500000000000004 1.7 1.7 1.6 1.7 1.6 1.7 1.6 1.7 1.7 1.7 1.7 1.7 1.6 1.6 1.6 1.6 586.0603257986573
22 15.0 22.02973939459045 35.846330275229356 28.700000000000006 1.8 1.8 1.8 1.8 1.8 1.8 1.7 1.8 1.8 1.8 1.8 1.8 1.8 1.8 1.8 1.8 587.3512805369126
25 15.0 25.03204830510031 34.259209645010046 31.5 1.9 1.9 2.0 2.0 1.9 1.9 2.0 2.0 2.0 2.0 1.9 2.0 2.0 2.0 2.0 2.0 584.3340542281879
27 15.0 27.0321062670385 33.29090909090909 33.10000000000001 2.0 2.1 2.1 2.1 2.0 2.0 2.1 2.0 2.0 2.1 2.1 2.1 2.1 2.1 2.1 2.1 579.7757422818792
30 15.0 30.03379466176319 32.15126050420168 36.2 2.2 2.3 2.3 2.3 2.2 2.3 2.3 2.3 2.3 2.2 2.3 2.2 2.2 2.3 2.3 2.2 586.344956563759
32 15.0 32.031756419848946 31.7742782152231 38.39999999999999 2.4 2.4 2.4 2.4 2.4 2.4 2.4 2.4 2.4 2.4 2.4 2.4 2.4 2.4 2.4 2.4 585.9580907382547
35 15.0 35.041176813199456 31.58764367816092 41.300000000000004 2.5 2.6 2.6 2.6 2.6 2.6 2.6 2.6 2.6 2.5 2.6 2.6 2.6 2.5 2.6 2.6 589.4326533154364
37 15.0 37.04844619372055 32.11996378451788 43.30000000000001 2.7 2.7 2.7 2.7 2.7 2.8 2.7 2.7 2.7 2.7 2.7 2.7 2.7 2.7 2.7 2.7 653.1253845906043
40 15.0 40.04620084992728 33.1080740117746 46.09999999999999 2.9 2.9 2.8 2.9 2.8 2.9 2.9 2.9 2.9 2.8 2.9 2.9 2.9 2.9 2.9 2.9 654.6188714093959
42 15.0 42.04127876097212 33.07142857142857 47.199999999999996 2.9 2.9 3.0 2.9 3.0 3.0 2.9 3.0 2.9 3.0 2.9 3.0 2.9 2.9 3.0 3.0 646.1995571543628
1 15.0 1.0173524361003188 43.46666666666667 1.6000000000000003 0.1 0.1 0.1 0.1 0.1 0.1 0.1 0.1 0.1 0.1 0.1 0.1 0.1 0.1 0.1 0.1 641.6295070067112
3 15.0 3.018108388791615 43.241573033707866 4.799999999999999 0.3 0.3 0.3 0.3 0.3 0.3 0.3 0.3 0.3 0.3 0.3 0.3 0.3 0.3 0.3 0.3 564.9885637583891
5 15.0 5.018224209132652 43.07333333333333 8.0 0.5 0.5 0.5 0.5 0.5 0.5 0.5 0.5 0.5 0.5 0.5 0.5 0.5 0.5 0.5 0.5 570.1489536430973
7 15.0 7.01950314428816 42.29496402877698 10.199999999999996 0.6 0.7 0.7 0.6 0.6 0.7 0.6 0.6 0.6 0.6 0.6 0.7 0.6 0.7 0.7 0.6 573.5578493422818
9 15.0 9.01987141073616 41.614100185528756 12.900000000000004 0.9 0.8 0.8 0.8 0.8 0.8 0.8 0.8 0.8 0.8 0.8 0.8 0.8 0.8 0.8 0.8 576.4225477583893
11 15.0 11.020217176093142 40.9453717754173 15.600000000000001 1.0 1.0 1.0 1.0 1.0 0.9 1.0 1.0 1.0 1.0 1.0 1.0 0.9 0.9 0.9 1.0 575.7897432483221
13 15.0 13.023505580521359 40.261378413524056 17.7 1.1 1.1 1.1 1.1 1.1 1.1 1.1 1.1 1.1 1.1 1.1 1.2 1.1 1.1 1.1 1.1 578.1521731006713
15 15.0 15.0255383125535 39.66591422121896 20.3 1.3 1.3 1.3 1.3 1.2 1.3 1.2 1.2 1.3 1.2 1.3 1.2 1.3 1.3 1.3 1.3 581.1005783624163
17 15.0 17.025451691912114 38.746772591857 22.399999999999995 1.4 1.4 1.4 1.4 1.4 1.4 1.4 1.4 1.4 1.4 1.4 1.4 1.4 1.4 1.4 1.4 592.3784057986569
19 15.0 19.0269593398856 37.52486678507993 25.400000000000006 1.5 1.6 1.6 1.6 1.6 1.6 1.6 1.6 1.6 1.6 1.6 1.6 1.5 1.6 1.6 1.6 598.1716617449665
21 15.0 21.029256596846285 36.389507154213035 27.299999999999994 1.7 1.7 1.7 1.7 1.7 1.7 1.7 1.7 1.7 1.7 1.7 1.7 1.8 1.7 1.7 1.7 600.9725697718119
23 15.0 23.027963274365266 35.19361856417694 29.200000000000003 1.8 1.8 1.9 1.9 1.8 1.8 1.8 1.8 1.8 1.8 1.8 1.8 1.9 1.8 1.8 1.9 601.3147919463089
25 15.0 25.033261777723805 34.20685023505708 31.4 2.0 2.0 2.0 1.9 1.9 2.0 1.9 2.0 2.0 1.9 2.0 1.9 2.0 2.0 2.0 1.9 601.1329322953021
27 15.0 27.04089458659627 33.283208020050125 33.2 2.0 2.1 2.1 2.0 2.1 2.1 2.1 2.1 2.1 2.1 2.1 2.1 2.1 2.1 2.0 2.0 644.2383016375834
29 15.0 29.039015181191772 32.525029103608844 35.199999999999996 2.2 2.2 2.2 2.2 2.2 2.2 2.2 2.2 2.2 2.2 2.2 2.2 2.2 2.2 2.2 2.2 645.1248794630876
31 15.0 31.038897613915715 31.88286334056399 37.3 2.4 2.3 2.4 2.3 2.3 2.4 2.3 2.3 2.3 2.3 2.3 2.3 2.4 2.3 2.4 2.3 663.2648126711405
33 15.0 33.041845351600344 31.49206349206349 38.79999999999999 2.4 2.4 2.4 2.4 2.5 2.5 2.4 2.4 2.4 2.5 2.4 2.4 2.4 2.5 2.4 2.4 662.3244095570473
35 15.0 35.0471784560377 31.53857280617165 40.800000000000004 2.5 2.6 2.6 2.5 2.5 2.5 2.5 2.6 2.5 2.6 2.5 2.6 2.6 2.5 2.6 2.6 659.7940986845636
37 15.0 37.042853730846424 32.13535536441829 43.20000000000001 2.7 2.7 2.7 2.7 2.7 2.7 2.7 2.7 2.7 2.7 2.7 2.7 2.7 2.7 2.7 2.7 666.2699296644298
39 15.0 39.04787877331347 32.65566652192792 44.79999999999999 2.8 2.8 2.8 2.8 2.8 2.8 2.8 2.8 2.8 2.8 2.8 2.8 2.8 2.8 2.8 2.8 689.0398685637589
41 15.0 41.04382020140169 32.93537832310838 46.499999999999986 2.9 2.9 2.9 2.9 2.9 3.0 2.9 2.9 2.9 2.9 2.9 2.9 2.9 2.9 2.9 2.9 689.526096751678
43 15.0 43.04674859605047 32.99493572263342 48.0 3.0 3.0 3.0 3.0 3.0 3.0 3.0 3.0 3.0 3.0 3.0 3.0 3.0 3.0 3.0 3.0 686.7750417181211
45 15.0 45.05198665325217 33.324971920628975 49.600000000000016 3.1 3.1 3.1 3.1 3.1 3.1 3.1 3.1 3.1 3.1 3.1 3.1 3.1 3.1 3.1 3.1 697.4197072751674
47 15.0 47.05156042712964 33.53316510454218 51.20000000000001 3.2 3.2 3.2 3.2 3.2 3.2 3.2 3.2 3.2 3.2 3.2 3.2 3.2 3.2 3.2 3.2 695.8595436241607
49 15.0 49.06467735533198 33.263917525773195 52.79999999999998 3.3 3.3 3.3 3.3 3.3 3.3 3.3 3.3 3.3 3.3 3.3 3.3 3.3 3.3 3.3 3.3 737.0916527248322
51 15.0 51.054447368150875 33.03723228995057 54.399999999999984 3.4 3.4 3.4 3.4 3.4 3.4 3.4 3.4 3.4 3.4 3.4 3.4 3.4 3.4 3.4 3.4 750.8948978255034
53 15.0 53.05988987248534 32.77210341525694 54.499999999999986 3.4 3.4 3.4 3.4 3.4 3.4 3.4 3.4 3.4 3.4 3.5 3.4 3.4 3.4 3.4 3.4 762.4173856644293
55 15.0 55.05287498536316 32.549723756906076 56.0 3.5 3.5 3.5 3.5 3.5 3.5 3.5 3.5 3.5 3.5 3.5 3.5 3.5 3.5 3.5 3.5 765.4065035167791
57 15.0 57.060009474835546 32.32225815936489 57.70000000000002 3.6 3.6 3.6 3.6 3.6 3.6 3.6 3.6 3.6 3.6 3.6 3.6 3.7 3.6 3.6 3.6 777.4585849127519
59 15.0 59.06515586652791 32.263217737350764 59.00000000000002 3.7 3.7 3.7 3.7 3.6 3.7 3.7 3.7 3.7 3.6 3.7 3.7 3.7 3.7 3.7 3.7 775.0312238389264
61 15.0 61.06986930203816 32.19861303744799 59.7 3.7 3.7 3.8 3.8 3.7 3.7 3.7 3.7 3.7 3.8 3.8 3.7 3.7 3.7 3.7 3.8 776.1935394362414
63 15.0 63.07581685935194 32.209351753453774 62.09999999999998 3.9 3.9 3.9 3.9 3.9 3.9 3.9 3.9 3.8 3.8 3.9 3.9 3.9 3.9 3.8 3.9 784.6599164563758
65 15.0 65.06066910569446 32.412772585669785 62.399999999999984 3.9 3.9 3.9 3.9 3.9 3.9 3.9 3.9 3.9 3.9 3.9 3.9 3.9 3.9 3.9 3.9 786.6913675167787
67 15.0 67.0649941563002 32.56342256692519 64.4 4.1 4.0 4.0 4.0 4.0 4.0 4.0 4.0 4.0 4.1 4.1 4.1 4.0 4.0 4.0 4.0 794.3281945771812
69 15.0 69.07120279017647 33.20926829268293 65.70000000000002 4.1 4.1 4.1 4.1 4.1 4.1 4.1 4.2 4.1 4.1 4.1 4.1 4.1 4.1 4.1 4.1 786.2036273825504
71 15.0 71.07872986952563 33.79799904716532 67.10000000000002 4.2 4.2 4.1 4.2 4.2 4.2 4.2 4.2 4.2 4.2 4.2 4.2 4.2 4.2 4.2 4.2 782.8130328053691
73 15.0 73.07520399455123 34.60165213400642 69.09999999999998 4.3 4.3 4.3 4.3 4.3 4.4 4.4 4.3 4.3 4.3 4.3 4.3 4.3 4.4 4.3 4.3 808.3054921879192
75 15.0 75.07229758191168 35.36296954878862 70.9 4.4 4.4 4.4 4.4 4.4 4.5 4.5 4.4 4.4 4.5 4.4 4.5 4.5 4.4 4.4 4.4 803.6163693959736
77 15.0 77.09468244865236 36.27837305926088 72.0 4.5 4.5 4.5 4.5 4.5 4.5 4.5 4.5 4.5 4.5 4.5 4.5 4.5 4.5 4.5 4.5 805.9521065234895
79 15.0 79.08063483269656 37.39392652367806 73.6 4.6 4.6 4.6 4.6 4.6 4.6 4.6 4.6 4.6 4.6 4.6 4.6 4.6 4.6 4.6 4.6 797.023816161074
81 15.0 81.09115611619286 38.31903765690377 75.00000000000001 4.6 4.6 4.7 4.7 4.7 4.7 4.7 4.7 4.7 4.7 4.7 4.7 4.7 4.7 4.7 4.7 798.1778847785234
83 15.0 83.10467319149053 38.38201336844237 76.79999999999998 4.8 4.8 4.8 4.8 4.8 4.8 4.8 4.8 4.8 4.8 4.8 4.8 4.8 4.8 4.8 4.8 841.1276473557047
85 15.0 85.09877232871344 39.84091356566253 78.60000000000001 4.9 4.9 4.9 5.0 4.9 4.9 4.9 4.9 4.9 4.9 4.9 5.0 4.9 4.9 4.9 4.9 850.9322892885909
87 15.0 87.08714769617885 38.59511444508559 78.4 4.9 4.9 4.9 4.9 4.9 4.9 4.9 4.9 4.9 4.9 4.9 4.9 4.9 4.9 4.9 4.9 848.687035275168
89 15.0 89.08904445421703 38.852056359482106 78.4 4.9 4.9 4.9 4.9 4.9 4.9 4.9 4.9 4.9 4.9 4.9 4.9 4.9 4.9 4.9 4.9 858.8753267114093
91 15.0 91.10361704719696 40.865176908752325 80.4 5.0 5.1 5.0 5.1 5.0 5.0 5.0 5.0 5.1 5.0 5.1 5.0 5.0 5.0 5.0 5.0 861.3760996510069
93 15.0 93.1099790785659 42.83166515013649 82.5 5.1 5.2 5.2 5.2 5.1 5.1 5.2 5.2 5.1 5.2 5.2 5.1 5.2 5.1 5.2 5.1 854.6237336912751
95 15.0 95.1013911249356 43.69169611307421 84.1 5.2 5.3 5.2 5.3 5.3 5.3 5.3 5.3 5.2 5.3 5.3 5.2 5.2 5.3 5.2 5.2 852.5355434093966
97 15.0 97.08675820048646 50.889655172413796 88.6 5.5 5.5 5.6 5.6 5.5 5.6 5.5 5.6 5.6 5.5 5.5 5.5 5.5 5.5 5.6 5.5 857.2049146845644
99 15.0 99.0957811817027 54.852191641182465 90.09999999999998 5.6 5.6 5.7 5.7 5.6 5.7 5.6 5.7 5.6 5.6 5.6 5.7 5.6 5.6 5.6 5.6 865.2314115436243
101 15.0 101.09699793376116 60.2811464546057 93.19999999999997 5.8 5.9 5.8 5.9 5.9 5.8 5.9 5.8 5.8 5.8 5.8 5.8 5.8 5.8 5.8 5.8 860.5875371812078
103 15.0 103.1392642047619 69.71780957079427 93.79999999999998 5.9 5.8 5.9 5.9 5.9 5.9 5.9 5.9 5.9 5.9 5.8 5.9 5.8 5.8 5.8 5.8 864.983933422819
105 15.0 105.11068501964435 70.008895949166 96.70000000000002 6.1 6.1 6.1 6.1 6.1 6.0 6.1 6.1 6.0 6.1 6.1 5.9 6.0 5.9 6.0 6.0 869.0435092617449
1 14.5 1.0173154175432533 43.7 1.6000000000000003 0.1 0.1 0.1 0.1 0.1 0.1 0.1 0.1 0.1 0.1 0.1 0.1 0.1 0.1 0.1 0.1 627.0131509261746
3 14.5 3.0184902759695955 43.737430167597765 4.799999999999999 0.3 0.3 0.3 0.3 0.3 0.3 0.3 0.3 0.3 0.3 0.3 0.3 0.3 0.3 0.3 0.3 550.4303351409391
5 14.5 5.018306346263957 42.90878378378378 8.1 0.5 0.6 0.5 0.5 0.5 0.5 0.5 0.5 0.5 0.5 0.5 0.5 0.5 0.5 0.5 0.5 548.7937494765097
7 14.5 7.019753437512627 42.30695443645084 10.999999999999998 0.7 0.7 0.7 0.7 0.7 0.7 0.7 0.7 0.6 0.7 0.7 0.7 0.7 0.6 0.7 0.7 551.74719914094
9 14.5 9.022099326926181 41.55367231638418 12.900000000000004 0.8 0.9 0.8 0.8 0.8 0.8 0.8 0.8 0.8 0.8 0.8 0.8 0.8 0.8 0.8 0.8 553.6499285906044
11 14.5 11.02337278180166 40.840667678300456 16.0 1.0 1.0 1.0 1.0 1.0 1.0 1.0 1.0 1.0 1.0 1.0 1.0 1.0 1.0 1.0 1.0 561.38690147651
13 14.5 13.023348326974105 40.36493506493507 18.899999999999995 1.1 1.2 1.2 1.2 1.2 1.2 1.1 1.2 1.2 1.1 1.2 1.2 1.2 1.2 1.2 1.2 558.7718391409397
15 14.5 15.025583269585345 39.60270880361174 20.600000000000005 1.3 1.3 1.3 1.3 1.2 1.2 1.3 1.3 1.3 1.3 1.3 1.3 1.3 1.3 1.3 1.3 561.1857988724831
17 14.5 17.025304599125512 38.71555118110236 23.9 1.5 1.5 1.5 1.5 1.5 1.5 1.5 1.5 1.4 1.5 1.5 1.5 1.5 1.5 1.5 1.5 561.5145509798658
19 14.5 19.025009141864643 37.56876663708962 25.600000000000005 1.6 1.6 1.6 1.6 1.6 1.6 1.6 1.6 1.6 1.6 1.6 1.6 1.6 1.6 1.6 1.6 561.967956187919
21 14.5 21.023840055418496 36.36305220883534 28.1 1.7 1.7 1.8 1.7 1.7 1.7 1.7 1.8 1.8 1.8 1.8 1.8 1.8 1.8 1.8 1.7 561.6382556778525
23 14.5 23.029529179007 35.18386627906977 30.39999999999999 1.9 1.9 1.9 1.9 1.9 1.9 1.9 1.9 1.9 1.9 1.9 1.9 1.9 1.9 1.9 1.9 578.2849494765101
25 14.5 25.035380100459626 34.13096037609134 32.4 2.1 2.1 2.0 2.0 2.0 2.1 2.0 2.0 2.0 2.0 2.0 2.1 2.0 2.0 2.0 2.0 579.3285910335568
27 14.5 27.036867749044198 33.30625 34.50000000000001 2.2 2.1 2.1 2.1 2.1 2.2 2.2 2.2 2.1 2.1 2.2 2.2 2.1 2.2 2.2 2.2 581.753821637584
29 14.5 29.03719978714062 32.47502903600465 36.7 2.3 2.3 2.3 2.3 2.3 2.3 2.3 2.3 2.3 2.3 2.3 2.3 2.3 2.3 2.3 2.2 620.7509991946307
31 14.5 31.042383730735132 31.86547811993517 38.39999999999999 2.4 2.4 2.4 2.4 2.4 2.4 2.4 2.4 2.4 2.4 2.4 2.4 2.4 2.4 2.4 2.4 621.1173712751674
33 14.5 33.02912815716979 31.572953736654803 40.2 2.5 2.5 2.5 2.5 2.6 2.5 2.5 2.5 2.5 2.5 2.5 2.5 2.5 2.5 2.6 2.5 642.2395086174496
35 14.5 35.04037720227424 31.58843373493976 42.30000000000001 2.7 2.6 2.6 2.7 2.7 2.6 2.7 2.7 2.7 2.6 2.6 2.6 2.7 2.6 2.6 2.6 641.1291077583896
37 14.5 37.046322057147094 31.998191681735985 44.79999999999999 2.8 2.8 2.8 2.8 2.8 2.8 2.8 2.8 2.8 2.8 2.8 2.8 2.8 2.8 2.8 2.8 663.3563541476515
39 14.5 39.045656752976534 32.61070663811563 46.399999999999984 2.9 2.9 2.9 2.9 2.9 2.9 2.9 2.9 2.9 2.9 2.9 2.9 2.9 2.9 2.9 2.9 669.8194572885901
41 14.5 41.04780551628928 32.91799265605875 48.1 3.0 3.0 3.0 3.0 3.0 3.0 3.0 3.0 3.0 3.0 3.0 3.0 3.0 3.0 3.0 3.1 662.601288161074
43 14.5 43.046780341511266 33.04495699765442 49.600000000000016 3.1 3.1 3.1 3.1 3.1 3.1 3.1 3.1 3.1 3.1 3.1 3.1 3.1 3.1 3.1 3.1 669.9829811543624
45 14.5 45.04985953555809 33.348603351955305 51.49999999999999 3.2 3.2 3.2 3.2 3.2 3.2 3.2 3.2 3.2 3.2 3.2 3.3 3.2 3.2 3.3 3.3 671.6354010201346
47 14.5 47.05264128860172 33.51371571072319 53.19999999999998 3.4 3.4 3.3 3.3 3.4 3.3 3.3 3.3 3.3 3.3 3.4 3.3 3.3 3.3 3.3 3.3 677.7700406979867
49 14.5 49.05979450629159 33.32883817427386 54.399999999999984 3.4 3.4 3.4 3.4 3.4 3.4 3.4 3.4 3.4 3.4 3.4 3.4 3.4 3.4 3.4 3.4 683.2456229798651
51 14.5 51.052927237204095 33.039351851851855 55.9 3.5 3.4 3.5 3.5 3.5 3.5 3.5 3.5 3.5 3.5 3.5 3.5 3.5 3.5 3.5 3.5 699.0730480536907
53 14.5 53.05281830959066 32.735632183908045 56.2 3.6 3.5 3.6 3.5 3.5 3.5 3.5 3.5 3.5 3.5 3.5 3.5 3.5 3.5 3.5 3.5 701.3568017181208
55 14.5 55.05890483387845 32.581366840330986 58.20000000000002 3.6 3.6 3.6 3.6 3.6 3.7 3.6 3.7 3.7 3.6 3.6 3.6 3.7 3.7 3.6 3.7 703.0406013422823
57 14.5 57.060479055249196 32.386444708680145 59.20000000000002 3.7 3.7 3.7 3.7 3.7 3.7 3.7 3.7 3.7 3.7 3.7 3.7 3.7 3.7 3.7 3.7 705.1395401879196
59 14.5 59.057658971015755 32.246745897000565 60.79999999999998 3.8 3.8 3.8 3.8 3.8 3.8 3.8 3.8 3.8 3.8 3.8 3.8 3.8 3.8 3.8 3.8 706.8009904966444
61 14.5 61.07477387346381 32.27066001109262 61.899999999999984 3.9 3.8 3.8 3.8 3.9 3.9 3.8 3.9 3.9 3.9 3.9 3.9 3.9 3.8 3.9 3.9 708.6422387114092
63 14.5 63.064978102883344 32.2245493107105 64.0 4.0 4.0 4.0 4.0 4.0 4.0 4.0 4.0 4.0 4.0 4.0 4.0 4.0 4.0 4.0 4.0 699.2355410469798
65 14.5 65.07882493396858 32.385290322580644 64.9 4.0 4.1 4.1 4.0 4.1 4.0 4.1 4.0 4.0 4.1 4.0 4.1 4.1 4.0 4.1 4.1 717.1075161342285
67 14.5 67.06678411923103 32.67558110472382 66.80000000000001 4.2 4.2 4.2 4.2 4.2 4.2 4.2 4.2 4.1 4.1 4.2 4.1 4.2 4.2 4.1 4.2 731.9347474899326
69 14.5 69.0713898647513 33.17003162247628 68.19999999999999 4.2 4.2 4.3 4.3 4.3 4.2 4.2 4.3 4.3 4.2 4.3 4.3 4.3 4.3 4.3 4.2 729.1508557315437
71 14.5 71.07442524974559 33.846335697399525 70.0 4.3 4.4 4.4 4.4 4.3 4.4 4.4 4.3 4.4 4.4 4.3 4.4 4.4 4.4 4.4 4.4 773.7893248859062
73 14.5 73.07963053573276 34.58550525834477 72.0 4.5 4.5 4.5 4.5 4.5 4.5 4.5 4.5 4.5 4.5 4.5 4.5 4.5 4.5 4.5 4.5 795.6780464966441
75 14.5 75.08778238626547 35.26993038401078 73.19999999999999 4.5 4.5 4.6 4.6 4.5 4.6 4.6 4.6 4.5 4.6 4.6 4.6 4.6 4.6 4.6 4.6 794.6423770201345
77 14.5 77.10392731845045 36.37328094302554 74.90000000000002 4.7 4.7 4.7 4.6 4.6 4.7 4.7 4.7 4.7 4.7 4.7 4.7 4.7 4.6 4.7 4.7 845.1579876510071
79 14.5 79.13538059940713 37.27935222672065 75.8 4.8 4.7 4.7 4.7 4.7 4.7 4.7 4.7 4.8 4.7 4.8 4.7 4.7 4.8 4.8 4.8 843.261842040269
81 14.5 81.07600468211052 38.18797611694462 78.4 4.9 4.9 4.9 4.9 4.9 4.9 4.9 4.9 4.9 4.9 4.9 4.9 4.9 4.9 4.9 4.9 859.6558071409393
83 14.5 83.13515010599079 39.04688451390298 78.9 4.9 4.9 4.9 4.9 4.9 5.0 5.0 5.0 4.9 4.9 4.9 5.0 4.9 4.9 5.0 4.9 849.3732664697984
85 14.5 85.09800750415087 39.633399209486164 80.5 5.0 5.0 5.0 5.1 5.0 5.1 5.1 5.1 5.0 5.0 5.0 5.0 5.0 5.0 5.0 5.1 849.0153612885906
87 14.5 87.07664006029678 38.69523443504996 81.49999999999999 5.1 5.1 5.1 5.1 5.1 5.1 5.1 5.1 5.1 5.1 5.0 5.1 5.1 5.1 5.1 5.1 853.986475812081
89 14.5 89.0863773621222 38.91976002999625 82.70000000000002 5.1 5.2 5.1 5.2 5.2 5.1 5.2 5.1 5.2 5.2 5.2 5.2 5.2 5.2 5.2 5.1 861.9719714362415
91 14.5 91.0800038960892 40.305059797608095 83.60000000000001 5.3 5.2 5.2 5.2 5.2 5.2 5.2 5.2 5.2 5.2 5.3 5.2 5.2 5.3 5.2 5.3 868.807302013423
93 14.5 93.10342473520043 40.82410071942446 84.79999999999998 5.3 5.3 5.3 5.3 5.3 5.3 5.3 5.3 5.3 5.3 5.3 5.3 5.3 5.3 5.3 5.3 871.6296109530205
95 14.5 95.0932987356628 47.47146932952924 88.4 5.6 5.5 5.5 5.5 5.5 5.6 5.5 5.5 5.5 5.5 5.6 5.6 5.5 5.5 5.5 5.5 877.8385421744971
97 14.5 95.21055053081734 920.9414921239397 97.99999999999999 6.1 6.1 6.1 6.2 6.1 6.2 6.2 6.1 6.1 6.1 6.1 6.1 6.1 6.2 6.1 6.1 976.0535982280129
1 14.0 1.017351066030249 43.86666666666667 1.6000000000000003 0.1 0.1 0.1 0.1 0.1 0.1 0.1 0.1 0.1 0.1 0.1 0.1 0.1 0.1 0.1 0.1 616.8414918249159
3 14.0 3.0179959939264025 43.80555555555556 4.799999999999999 0.3 0.3 0.3 0.3 0.3 0.3 0.3 0.3 0.3 0.3 0.3 0.3 0.3 0.3 0.3 0.3 537.6648350067113
5 14.0 5.018622738175621 43.147157190635454 8.0 0.5 0.5 0.5 0.5 0.5 0.5 0.5 0.5 0.5 0.5 0.5 0.5 0.5 0.5 0.5 0.5 543.9656650738252
7 14.0 7.020778930925973 42.309178743961354 11.099999999999998 0.7 0.7 0.7 0.7 0.7 0.7 0.7 0.7 0.6 0.7 0.7 0.7 0.7 0.7 0.7 0.7 548.8997607003367
9 14.0 9.020333526578089 41.758426966292134 14.100000000000003 0.9 0.9 0.9 0.9 0.9 0.9 0.8 0.9 0.9 0.8 0.9 0.9 0.9 0.8 0.9 0.9 552.5172320538717
11 14.0 11.0 41.0 16.6 1.0 1.0 1.1 1.1 1.1 1.0 1.1 1.0 1.0 1.0 1.0 1.0 1.1 1.0 1.1 1.0 556.2897731006711
13 14.0 13.0 40.5 19.099999999999994 1.2 1.2 1.2 1.2 1.2 1.2 1.2 1.2 1.2 1.2 1.2 1.2 1.1 1.2 1.2 1.2 575.9278251812087
15 14.0 15.0 39.9 22.2 1.4 1.4 1.4 1.4 1.4 1.4 1.3 1.4 1.4 1.4 1.4 1.4 1.3 1.4 1.4 1.4 581.9694526711409
17 14.0 17.0 38.9 24.0 1.5 1.5 1.5 1.5 1.5 1.5 1.5 1.5 1.5 1.5 1.5 1.5 1.5 1.5 1.5 1.5 585.6346304429533
19 14.0 19.0 37.8 27.199999999999992 1.7 1.7 1.7 1.7 1.7 1.7 1.7 1.7 1.7 1.7 1.7 1.7 1.7 1.7 1.7 1.7 584.7754325906042
21 14.0 21.0 36.4 29.200000000000003 1.9 1.8 1.8 1.8 1.8 1.9 1.8 1.8 1.8 1.8 1.8 1.9 1.9 1.8 1.8 1.8 585.1518797315438
23 14.0 23.0 35.4 31.599999999999998 2.0 1.9 2.0 2.0 2.0 1.9 2.0 2.0 2.0 2.0 2.0 1.9 2.0 1.9 2.0 2.0 582.6091571543619
25 14.0 25.0 34.3 33.70000000000001 2.1 2.1 2.1 2.1 2.1 2.1 2.1 2.1 2.1 2.1 2.2 2.1 2.1 2.1 2.1 2.1 580.8297337986581
27 14.0 27.0 33.4 35.49999999999999 2.2 2.2 2.2 2.2 2.2 2.2 2.2 2.2 2.3 2.2 2.2 2.3 2.2 2.2 2.2 2.3 581.9005628993285
29 14.0 29.0 32.6 37.599999999999994 2.4 2.3 2.4 2.4 2.3 2.4 2.3 2.4 2.3 2.3 2.3 2.3 2.4 2.4 2.4 2.3 587.7453487248321
31 14.0 31.0 31.9 39.9 2.5 2.5 2.5 2.5 2.5 2.5 2.5 2.5 2.5 2.5 2.5 2.5 2.4 2.5 2.5 2.5 593.6955584429528
33 14.0 33.0 31.5 41.90000000000001 2.7 2.6 2.7 2.6 2.6 2.6 2.6 2.6 2.6 2.6 2.6 2.6 2.6 2.7 2.6 2.6 615.5300149261744
35 14.0 35.0 31.7 43.6 2.7 2.7 2.7 2.7 2.7 2.7 2.7 2.7 2.7 2.8 2.8 2.7 2.7 2.7 2.8 2.8 616.4610027382546
37 14.0 37.0 32.0 45.499999999999986 2.9 2.9 2.8 2.8 2.9 2.8 2.8 2.9 2.8 2.8 2.9 2.9 2.9 2.8 2.8 2.8 638.1697752483225
39 14.0 39.0 32.7 48.0 3.0 3.0 3.0 3.0 3.0 3.0 3.0 3.0 3.0 3.0 3.0 3.0 3.0 3.0 3.0 3.0 637.4821695570469
41 14.0 41.0 33.0 49.600000000000016 3.1 3.1 3.1 3.1 3.1 3.1 3.1 3.1 3.1 3.1 3.1 3.1 3.1 3.1 3.1 3.1 672.388281557047
43 14.0 43.0 33.0 51.20000000000001 3.2 3.2 3.2 3.2 3.2 3.2 3.2 3.2 3.2 3.2 3.2 3.2 3.2 3.2 3.2 3.2 689.8102052080534
45 14.0 45.0 33.4 53.09999999999999 3.3 3.3 3.4 3.3 3.4 3.3 3.3 3.3 3.3 3.3 3.3 3.3 3.3 3.3 3.3 3.4 687.38967538255
47 14.0 47.0 33.5 54.99999999999999 3.4 3.5 3.5 3.4 3.5 3.4 3.4 3.4 3.5 3.4 3.5 3.4 3.4 3.4 3.5 3.4 712.6988044026834
49 14.0 49.0 33.3 56.800000000000004 3.5 3.5 3.6 3.6 3.6 3.6 3.5 3.5 3.5 3.6 3.5 3.6 3.5 3.6 3.6 3.5 718.5552459597318
51 14.0 51.0 33.0 57.80000000000001 3.6 3.6 3.6 3.6 3.7 3.6 3.7 3.6 3.6 3.6 3.6 3.6 3.6 3.6 3.6 3.6 717.8856736644299
53 14.0 53.0 32.9 59.100000000000016 3.7 3.7 3.7 3.7 3.7 3.7 3.7 3.7 3.7 3.7 3.6 3.7 3.7 3.7 3.7 3.7 711.932233879195
55 14.0 55.0 32.6 60.79999999999998 3.8 3.8 3.8 3.8 3.8 3.8 3.8 3.8 3.8 3.8 3.8 3.8 3.8 3.8 3.8 3.8 741.9835550067118
57 14.0 57.0 32.4 61.899999999999984 3.9 3.8 3.9 3.8 3.9 3.8 3.9 3.8 3.9 3.9 3.9 3.9 3.9 3.9 3.8 3.9 744.6356737718116
59 14.0 59.0 32.3 63.5 4.0 4.0 3.9 3.9 3.9 4.0 4.0 4.0 3.9 3.9 4.0 4.0 4.0 4.0 4.0 4.0 746.4686475167783
61 14.0 61.0 32.3 64.0 4.0 4.0 4.0 4.0 4.0 4.0 4.0 4.0 4.0 4.0 4.0 4.0 4.0 4.0 4.0 4.0 754.1994489127514
63 14.0 63.0 32.4 66.70000000000002 4.1 4.2 4.2 4.1 4.2 4.1 4.2 4.1 4.2 4.2 4.2 4.2 4.2 4.1 4.2 4.2 750.499441395973
65 14.0 65.0 32.4 67.20000000000002 4.2 4.2 4.2 4.2 4.2 4.2 4.2 4.2 4.2 4.2 4.2 4.2 4.2 4.2 4.2 4.2 749.9463989261737
67 14.0 67.0 32.7 68.89999999999998 4.4 4.3 4.3 4.3 4.3 4.3 4.3 4.3 4.3 4.3 4.3 4.3 4.3 4.3 4.3 4.3 751.5600717315431
69 14.0 69.0 33.3 70.39999999999999 4.4 4.4 4.4 4.4 4.4 4.4 4.4 4.4 4.4 4.4 4.4 4.4 4.4 4.4 4.4 4.4 780.7167604832217
71 14.0 71.0 33.8 72.1 4.5 4.5 4.5 4.5 4.5 4.5 4.5 4.5 4.5 4.5 4.5 4.5 4.5 4.6 4.5 4.5 773.6414840268457
73 14.0 73.0 34.8 73.7 4.6 4.6 4.6 4.6 4.6 4.6 4.6 4.6 4.6 4.6 4.6 4.6 4.6 4.7 4.6 4.6 791.0731391140945
75 14.0 75.0 35.4 75.30000000000001 4.7 4.7 4.7 4.7 4.7 4.7 4.7 4.8 4.7 4.7 4.7 4.7 4.7 4.7 4.7 4.7 809.1486084295301
77 14.0 77.0 36.4 76.79999999999998 4.8 4.8 4.8 4.8 4.8 4.8 4.8 4.8 4.8 4.8 4.8 4.8 4.8 4.8 4.8 4.8 808.992919194631
79 14.0 79.1 37.5 78.4 4.9 4.9 4.9 4.9 4.9 4.9 4.9 4.9 4.9 4.9 4.9 4.9 4.9 4.9 4.9 4.9 843.9015740134231
81 14.0 81.0 38.1 80.8 5.0 5.0 5.1 5.0 5.0 5.1 5.0 5.1 5.1 5.0 5.1 5.0 5.1 5.0 5.1 5.1 855.4201307919469
83 14.0 83.1 39.5 81.39999999999999 5.1 5.1 5.1 5.0 5.1 5.1 5.1 5.1 5.1 5.1 5.1 5.0 5.1 5.1 5.1 5.1 861.5053848053689
85 14.0 85.1 38.0 82.0 5.1 5.1 5.2 5.1 5.1 5.2 5.1 5.2 5.1 5.1 5.1 5.1 5.1 5.1 5.1 5.2 868.7871244026848
87 14.0 87.1 38.8 84.4 5.3 5.3 5.3 5.3 5.3 5.3 5.3 5.3 5.3 5.3 5.2 5.3 5.3 5.2 5.2 5.2 858.9288908456375
89 14.0 89.1 40.0 84.89999999999998 5.3 5.3 5.3 5.3 5.3 5.3 5.3 5.3 5.3 5.3 5.3 5.4 5.3 5.3 5.3 5.3 856.6140460671143
91 14.0 91.0 40.1 86.60000000000001 5.4 5.4 5.4 5.4 5.4 5.4 5.4 5.4 5.4 5.4 5.4 5.5 5.4 5.5 5.4 5.4 866.3405891006713
93 14.0 93.09825055157303 42.30812173599856 89.19999999999999 5.5 5.6 5.6 5.6 5.6 5.6 5.6 5.6 5.6 5.6 5.5 5.6 5.5 5.5 5.6 5.6 876.8166314093959
1 13.5 1.0174144719485034 43.8 1.6000000000000003 0.1 0.1 0.1 0.1 0.1 0.1 0.1 0.1 0.1 0.1 0.1 0.1 0.1 0.1 0.1 0.1 616.3721690201345
3 13.5 3.0183636882905716 43.31843575418994 4.799999999999999 0.3 0.3 0.3 0.3 0.3 0.3 0.3 0.3 0.3 0.3 0.3 0.3 0.3 0.3 0.3 0.3 541.235419919463
5 13.5 5.019317725359794 42.86824324324324 8.1 0.5 0.5 0.5 0.5 0.5 0.5 0.5 0.6 0.5 0.5 0.5 0.5 0.5 0.5 0.5 0.5 549.0641937239059
7 13.5 7.019482281891734 42.22168674698795 11.199999999999998 0.7 0.7 0.7 0.7 0.7 0.7 0.7 0.7 0.7 0.7 0.7 0.7 0.7 0.7 0.7 0.7 552.2407671409396
9 13.5 9.02113161613485 41.54033771106942 14.400000000000004 0.9 0.9 0.9 0.9 0.9 0.9 0.9 0.9 0.9 0.9 0.9 0.9 0.9 0.9 0.9 0.9 552.41244616835
11 13.5 11.021811051606356 41.15525114155251 17.599999999999998 1.1 1.1 1.1 1.1 1.1 1.1 1.1 1.1 1.1 1.1 1.1 1.1 1.1 1.1 1.1 1.1 557.657712053872
13 13.5 13.022241185442773 40.28998699609883 19.499999999999996 1.2 1.2 1.2 1.3 1.2 1.2 1.3 1.2 1.3 1.2 1.2 1.2 1.2 1.2 1.2 1.2 567.2387384697986
15 13.5 15.023059755381333 39.752242152466366 22.399999999999995 1.5 1.4 1.4 1.4 1.4 1.4 1.4 1.4 1.4 1.4 1.4 1.3 1.4 1.4 1.4 1.4 578.1359677852349
17 13.5 17.024964264835155 38.81782178217822 25.500000000000007 1.6 1.5 1.6 1.6 1.6 1.6 1.6 1.6 1.6 1.6 1.6 1.6 1.6 1.6 1.6 1.6 579.9657252080534
19 13.5 19.02536968298285 37.625111308993766 27.599999999999998 1.8 1.7 1.7 1.7 1.7 1.7 1.7 1.7 1.7 1.7 1.7 1.7 1.7 1.8 1.8 1.8 579.6919117315434
21 13.5 21.028103730273376 36.46672012830794 30.39999999999999 1.9 1.9 1.9 1.9 1.9 1.9 1.9 1.9 1.9 1.9 1.9 1.9 1.9 1.9 1.9 1.9 580.7497380939598
23 13.5 23.034324255959312 35.29191176470588 32.2 2.1 2.0 2.0 2.1 2.0 2.0 2.0 2.0 2.0 2.0 2.0 2.0 2.0 2.0 2.0 2.0 578.5609071677851
25 13.5 25.029343157561375 34.19451871657754 35.199999999999996 2.2 2.2 2.2 2.2 2.2 2.2 2.2 2.2 2.2 2.2 2.2 2.2 2.2 2.2 2.2 2.2 579.1028024697987
27 13.5 27.034106784307735 33.29032258064516 37.199999999999996 2.4 2.3 2.3 2.4 2.3 2.3 2.3 2.3 2.4 2.4 2.3 2.3 2.3 2.3 2.3 2.3 579.6048923489933