rps cpu_limit req_rate req_latency cpu cpu0 cpu1 cpu2 cpu3 cpu4 cpu5 cpu6 cpu7 cpu8 cpu9 cpu10 cpu11 cpu12 cpu13 cpu14 cpu15 memory_usage 
1 3000m 1.017276330404083 45.416666666666664 6.800000000000001 0.4 0.4 0.4 0.4 0.4 0.4 0.4 0.4 0.4 0.5 0.5 0.5 0.5 0.4 0.4 0.4 627.31855033557
3 3000m 3.017942180925341 43.41111111111111 23.199999999999996 1.5 1.4 1.4 1.5 1.5 1.5 1.4 1.5 1.4 1.4 1.5 1.5 1.4 1.4 1.5 1.4 553.3997427114092
5 3000m 5.018886052191263 42.66891891891892 32.800000000000004 2.1 2.1 2.0 2.0 2.0 2.0 2.1 2.1 2.1 2.1 2.1 2.0 2.1 2.0 2.0 2.0 562.309388929292
7 3000m 7.0194646182035205 42.18028846153846 51.00000000000001 3.2 3.2 3.1 3.2 3.1 3.2 3.2 3.2 3.2 3.1 3.2 3.2 3.2 3.2 3.3 3.2 562.0739298791949
10 3000m 10.020316046269706 41.32663316582914 71.10000000000001 4.6 4.5 4.6 4.5 4.4 4.6 4.4 4.4 4.5 4.4 4.2 4.4 4.4 4.4 4.4 4.4 564.871277959731
12 3000m 12.020874294339908 42.88218793828892 84.19999999999999 5.5 5.4 5.3 5.3 5.3 5.3 5.3 5.3 5.1 5.2 5.2 5.4 5.1 5.3 5.1 5.1 568.3500464966444
15 3000m 14.998634057787132 94.43288590604027 98.3 6.3 6.1 6.2 6.2 6.2 6.0 6.2 6.1 6.1 6.2 6.1 6.2 6.1 6.1 6.0 6.2 633.2233604295302
18 3000m 16.073141207074258 4773.431372549019 99.89999999999998 6.1 6.1 6.1 6.2 6.1 6.2 6.2 6.1 6.2 6.3 6.2 6.1 6.1 6.2 6.1 6.0 893.7111868011867
1 3500m 1.0174094183374018 43.21666666666667 5.499999999999998 0.3 0.4 0.4 0.4 0.4 0.4 0.5 0.3 0.3 0.3 0.3 0.3 0.3 0.3 0.3 0.3 622.9823020671142
3 3500m 3.018232867717198 42.53631284916201 19.399999999999995 1.2 1.2 1.2 1.2 1.2 1.3 1.2 1.3 1.2 1.2 1.2 1.2 1.1 1.3 1.2 1.2 546.5099270872488
5 3500m 5.0187798917577675 43.51013513513514 35.1 2.2 2.2 2.2 2.2 2.3 2.2 2.1 2.2 2.1 2.2 2.2 2.2 2.2 2.2 2.2 2.2 550.3586688859062
7 3500m 7.019659943097795 42.45301204819277 43.800000000000004 2.7 2.7 2.7 2.8 2.7 2.8 2.8 2.7 2.7 2.8 2.7 2.7 2.8 2.8 2.7 2.7 550.6352588456373
10 3500m 10.020691582251267 41.36833333333333 61.399999999999984 3.8 3.9 3.9 3.8 3.8 3.8 3.9 3.9 3.8 3.9 3.8 3.9 3.8 3.9 3.8 3.7 552.6473844832213
12 3500m 12.02244713640115 40.78661087866109 72.6 4.8 4.4 4.6 4.5 4.6 4.6 4.5 4.6 4.7 4.4 4.4 4.4 4.5 4.5 4.5 4.6 553.1621884563762
15 3500m 15.024472882225679 40.43826473859844 88.49999999999999 5.5 5.6 5.5 5.6 5.5 5.5 5.5 5.4 5.7 5.5 5.3 5.5 5.7 5.6 5.6 5.5 558.6286440805366
18 3500m 18.024706539584585 63.32551594746717 99.39999999999998 6.2 6.2 6.2 6.3 6.2 6.1 6.2 6.3 6.3 6.3 6.1 6.1 6.3 6.1 6.2 6.3 629.4056685100676
20 3500m 19.061778331268258 2196.385328836425 99.60000000000001 6.3 6.2 6.1 6.2 6.2 6.1 6.2 6.2 6.2 6.1 6.1 6.0 6.2 6.2 6.2 6.1 822.6301317316301
1 4000m 1.017428246138956 44.266666666666666 4.899999999999999 0.3 0.3 0.3 0.3 0.3 0.3 0.3 0.3 0.3 0.3 0.4 0.3 0.3 0.3 0.3 0.3 620.8065288590602
3 4000m 3.018085605842622 43.36312849162011 16.8 1.1 1.1 1.1 1.1 1.0 1.0 1.0 1.1 1.0 1.1 1.0 1.0 1.0 1.0 1.1 1.1 551.9471019528617
5 4000m 5.01864709284033 42.416666666666664 26.000000000000004 1.6 1.7 1.7 1.6 1.6 1.6 1.5 1.6 1.7 1.6 1.7 1.7 1.6 1.6 1.6 1.6 557.7500306531989
7 4000m 7.020430368937313 42.11807228915663 38.49999999999999 2.4 2.5 2.4 2.4 2.4 2.3 2.4 2.5 2.5 2.4 2.3 2.4 2.4 2.3 2.4 2.5 556.2087899797979
10 4000m 10.020884384416027 41.37080536912752 53.09999999999999 3.3 3.3 3.2 3.3 3.3 3.3 3.4 3.4 3.4 3.3 3.4 3.4 3.2 3.3 3.3 3.3 560.8377213422822
12 4000m 12.022646388963151 40.78181818181818 62.59999999999999 3.9 3.9 3.9 4.0 3.9 3.9 3.9 3.8 4.0 3.9 3.9 4.0 3.9 3.9 3.9 3.9 559.9168498255037
15 4000m 15.024129649884252 39.549217002237135 75.70000000000002 4.8 4.8 4.7 4.9 4.7 4.7 4.7 4.7 4.8 4.7 4.7 4.6 4.8 4.7 4.7 4.7 563.0504615218857
18 4000m 18.026636096296215 39.482726423902896 90.5 5.7 5.7 5.6 5.6 5.7 5.7 5.7 5.6 5.7 5.7 5.7 5.6 5.7 5.6 5.6 5.6 564.9180795704701
20 4000m 20.027990963061136 46.48774302620456 98.10000000000001 6.2 6.2 6.0 6.2 6.1 6.1 6.1 6.1 6.1 6.2 6.0 6.1 6.2 6.2 6.1 6.2 606.0049593557046
22 4000m 22.024942100891934 77.99618029029794 99.30000000000001 6.2 6.2 6.1 6.1 6.3 6.3 6.2 6.2 6.2 6.1 6.2 6.2 6.3 6.2 6.3 6.2 661.6073896375833
25 4000m 22.22156721137154 4693.308209959623 99.59999999999998 6.2 6.2 6.2 6.2 6.1 6.4 6.1 6.1 6.1 6.2 6.1 6.1 6.1 6.1 6.1 6.3 936.9703068486643
1 4500m 1.0173430612232994 45.4 4.499999999999999 0.3 0.0 0.0 0.1 0.4 0.4 0.3 0.4 0.3 0.4 0.3 0.3 0.4 0.3 0.3 0.3 623.5819262281885
7 4500m 7.020028271930973 42.19711538461539 33.900000000000006 2.1 2.1 2.1 2.1 2.1 2.2 2.2 2.1 2.1 2.1 2.2 2.1 2.2 2.1 2.1 2.0 554.3771194612796
10 4500m 10.020494598462113 41.030252100840336 47.4 3.0 3.0 2.9 3.0 2.9 2.9 2.9 3.0 2.9 3.0 3.0 3.0 2.9 3.1 3.0 2.9 555.9953559194628
12 4500m 12.021792649156422 40.43539325842696 55.699999999999996 3.5 3.4 3.4 3.5 3.5 3.5 3.5 3.5 3.5 3.5 3.4 3.6 3.5 3.5 3.5 3.4 555.8416184697988
15 4500m 15.0209580731571 39.72147651006711 68.99999999999999 4.2 4.4 4.2 4.4 4.4 4.3 4.3 4.4 4.5 4.3 4.3 4.3 4.3 4.3 4.2 4.2 558.565967033557
18 4500m 18.025033705543542 38.16884328358209 79.7 5.1 4.9 4.9 4.9 5.0 5.1 5.0 5.1 5.0 5.1 4.9 4.9 4.9 4.9 5.1 4.9 562.0554841342282
20 4500m 20.028098027145244 37.05130361648444 87.10000000000001 5.4 5.5 5.4 5.4 5.4 5.6 5.5 5.4 5.4 5.4 5.4 5.4 5.5 5.4 5.5 5.5 563.7884495033552
22 4500m 22.021669260436436 38.71808510638298 96.1 6.0 6.1 6.1 6.0 6.0 6.0 5.9 5.9 6.0 6.0 6.0 6.0 6.0 5.9 6.1 6.1 567.2253921073827
25 4500m 25.012882750628066 61.34326337169939 98.80000000000001 6.1 6.2 6.3 6.1 6.2 6.2 6.2 6.2 6.1 6.1 6.1 6.3 6.2 6.2 6.2 6.1 651.7915318120807
27 4500m 25.310492131411614 2613.6631513647644 99.89999999999999 6.3 6.2 6.2 6.3 6.4 6.3 6.3 6.3 6.2 6.2 6.3 6.2 6.1 6.1 6.3 6.2 878.1571799748432
1 5000m 1.0173379413585981 44.71666666666667 3.999999999999999 0.0 0.3 0.0 0.3 0.0 0.2 0.3 0.3 0.3 0.3 0.3 0.3 0.4 0.4 0.3 0.3 627.6098336644295
3 5000m 3.0178143833936635 43.64804469273743 13.400000000000004 0.9 0.9 0.8 0.8 0.8 0.8 0.8 0.8 0.9 0.9 0.9 0.8 0.9 0.8 0.8 0.8 569.1902276094273
5 5000m 5.01891466116795 43.282828282828284 25.10000000000001 1.5 1.5 1.5 1.7 1.6 1.5 1.6 1.6 1.6 1.5 1.5 1.6 1.6 1.6 1.6 1.6 571.3229590335575
7 5000m 7.019395985752674 42.17831325301205 30.79999999999999 1.9 1.9 1.9 2.0 2.0 1.9 1.9 1.9 2.0 1.9 2.0 1.9 1.9 1.9 1.9 1.9 571.3933882416109
10 5000m 10.02089819372306 41.46744574290484 42.900000000000006 2.6 2.7 2.7 2.6 2.6 2.8 2.8 2.7 2.7 2.7 2.8 2.7 2.6 2.7 2.6 2.6 571.3406213154362
12 5000m 12.023405008357752 40.627808988764045 49.90000000000001 3.1 3.2 3.1 3.2 3.1 3.2 3.2 3.0 3.1 3.1 3.0 3.1 3.2 3.2 3.0 3.1 573.9449075973158
15 5000m 15.02609289499097 39.55072463768116 60.999999999999986 3.8 3.9 3.8 3.8 3.9 3.8 3.8 3.8 3.8 3.8 3.8 3.8 3.9 3.8 3.7 3.8 574.6798646979869
18 5000m 18.02563940994766 38.34203168685927 72.1 4.6 4.6 4.5 4.6 4.4 4.5 4.5 4.4 4.6 4.5 4.5 4.5 4.4 4.4 4.5 4.6 577.2066843489935
20 5000m 20.029191138783947 36.956816257408974 78.0 4.8 5.0 4.9 4.8 4.7 4.9 4.8 4.9 4.9 4.9 5.0 4.9 4.9 4.9 4.9 4.8 576.5136356510067
22 5000m 22.030040348410353 35.901538461538465 84.5 5.2 5.3 5.3 5.2 5.3 5.3 5.4 5.3 5.3 5.3 5.2 5.2 5.3 5.4 5.2 5.3 594.5672642147651
25 5000m 25.03206572020774 35.539959704499665 95.10000000000001 6.0 5.9 6.0 6.0 6.0 6.0 6.0 5.9 5.9 6.0 6.0 5.9 5.9 5.9 5.8 5.9 595.1620364026846
27 5000m 27.033763862630256 47.63333333333333 99.5 6.1 6.2 6.2 6.3 6.3 6.3 6.3 6.2 6.2 6.1 6.1 6.2 6.3 6.3 6.2 6.2 652.9662728590611
30 5000m 28.884491373642607 1097.0439684329199 97.29999999999998 6.1 6.1 6.0 6.0 6.1 6.0 6.2 6.0 6.1 6.1 6.1 6.1 6.2 6.1 6.0 6.1 796.6488896613417
1 5500m 1.0173464677388533 44.233333333333334 3.5 0.0 0.1 0.2 0.1 0.2 0.3 0.2 0.3 0.3 0.2 0.3 0.3 0.2 0.2 0.3 0.3 625.2555545771809
3 5500m 3.0178091361271364 43.70949720670391 12.500000000000002 0.7 0.8 0.8 0.8 0.8 0.8 0.8 0.7 0.8 0.8 0.8 0.8 0.7 0.8 0.8 0.8 546.5037799865321
5 5500m 5.019178460949684 42.741610738255034 19.399999999999995 1.2 1.2 1.2 1.2 1.3 1.3 1.2 1.2 1.2 1.1 1.2 1.3 1.2 1.2 1.2 1.2 550.9178474882159
7 5500m 7.020671527974364 42.10765550239235 27.799999999999997 1.7 1.7 1.8 1.8 1.7 1.7 1.8 1.7 1.8 1.7 1.7 1.7 1.7 1.8 1.8 1.7 554.6518134949499
10 5500m 10.020870749095609 41.43333333333333 39.39999999999999 2.5 2.5 2.5 2.5 2.4 2.5 2.5 2.4 2.5 2.5 2.4 2.4 2.5 2.5 2.4 2.4 553.1472023703703
12 5500m 12.02160574438883 40.9381153305204 45.79999999999999 2.8 2.8 2.9 2.8 2.9 3.0 2.9 2.9 2.9 2.9 2.8 2.9 2.9 2.8 2.8 2.8 554.500838228188
15 5500m 15.024822633804988 39.70236753100338 54.59999999999999 3.5 3.4 3.4 3.4 3.4 3.5 3.4 3.4 3.5 3.5 3.3 3.4 3.3 3.4 3.4 3.4 555.8098675973156
18 5500m 18.027117433284428 38.175257731958766 65.3 4.0 4.1 4.1 4.1 4.2 4.0 4.1 4.1 4.1 4.1 4.1 4.1 4.0 4.1 4.0 4.1 557.8669942550335
20 5500m 20.027065372818434 37.0770533446232 70.3 4.4 4.4 4.4 4.3 4.4 4.4 4.4 4.4 4.4 4.5 4.4 4.4 4.3 4.4 4.4 4.4 557.7280601342278
22 5500m 22.027690080648526 35.862909367859864 77.5 4.8 5.0 4.9 4.8 4.9 4.8 4.9 4.8 4.9 4.9 4.8 4.7 4.8 4.8 4.9 4.8 562.6660217986575
25 5500m 25.03518124698272 34.22730329522528 85.80000000000001 5.3 5.4 5.3 5.3 5.3 5.4 5.4 5.4 5.4 5.4 5.4 5.3 5.4 5.4 5.4 5.3 595.9578287248321
27 5500m 27.032600304009314 33.63619402985075 90.60000000000001 5.7 5.6 5.6 5.7 5.7 5.6 5.7 5.7 5.6 5.7 5.6 5.6 5.8 5.7 5.7 5.6 599.8525336912752
30 5500m 30.02538391321008 41.050251256281406 99.10000000000001 6.2 6.1 6.3 6.2 6.2 6.2 6.1 6.2 6.1 6.2 6.3 6.3 6.1 6.2 6.2 6.2 632.5673819060402
32 5500m 32.01679030391881 56.40909090909091 99.40000000000002 6.2 6.3 6.2 6.3 6.2 6.2 6.1 6.2 6.2 6.2 6.2 6.2 6.2 6.2 6.3 6.2 672.7413897449663
35 5500m 31.27268321979505 4296.594839942666 98.4 6.1 6.1 6.3 6.2 6.2 6.1 6.1 6.1 6.2 6.1 6.1 6.1 6.1 6.2 6.2 6.2 968.9049835489611
1 6000m 1.017351995653715 43.1 3.7 0.3 0.2 0.2 0.3 0.2 0.2 0.2 0.2 0.3 0.2 0.2 0.3 0.2 0.2 0.2 0.3 642.3486573959731
3 6000m 3.017973298288596 43.63333333333333 11.399999999999999 0.7 0.8 0.7 0.7 0.7 0.7 0.7 0.7 0.7 0.7 0.8 0.7 0.7 0.7 0.7 0.7 566.0075743355704
5 6000m 5.019027861964095 43.508361204013376 19.699999999999996 1.2 1.2 1.2 1.3 1.2 1.3 1.3 1.2 1.2 1.2 1.2 1.2 1.3 1.2 1.3 1.2 570.0140396241617
7 6000m 7.019962039017918 42.39808153477218 25.800000000000004 1.6 1.6 1.6 1.6 1.6 1.7 1.6 1.6 1.7 1.6 1.6 1.5 1.6 1.6 1.7 1.6 569.1240393020136
10 6000m 10.022141374794053 41.57021996615905 35.4 2.3 2.2 2.2 2.1 2.2 2.2 2.2 2.3 2.3 2.2 2.2 2.3 2.2 2.2 2.1 2.2 572.7154340939594
12 6000m 12.022626573930333 40.9958041958042 42.2 2.8 2.6 2.6 2.6 2.6 2.6 2.6 2.5 2.6 2.8 2.6 2.6 2.7 2.7 2.8 2.5 574.5722278657717
15 6000m 15.02381423291678 39.80670391061452 51.10000000000001 3.3 3.1 3.1 3.2 3.2 3.2 3.2 3.2 3.3 3.2 3.1 3.2 3.2 3.2 3.2 3.2 577.4891434093963
18 6000m 18.024118691821307 38.38461538461539 60.499999999999986 3.8 3.8 3.9 3.7 3.7 3.7 3.8 3.8 3.7 3.8 3.7 3.8 3.9 3.8 3.8 3.8 576.1216017181207
20 6000m 20.026586990480087 37.19357565511412 65.2 4.1 4.0 4.0 4.1 4.1 4.1 4.1 4.1 4.1 4.1 4.1 4.1 3.9 4.1 4.1 4.1 575.8874562147658
22 6000m 22.033375636035643 35.82695252679939 69.99999999999999 4.3 4.3 4.3 4.4 4.4 4.3 4.4 4.4 4.4 4.4 4.4 4.4 4.4 4.5 4.4 4.3 617.6083225771819
25 6000m 25.03230105589529 34.24110141034251 78.0 5.0 5.0 4.9 4.8 4.9 4.9 4.9 4.8 4.9 4.8 4.8 4.9 4.8 4.8 4.9 4.9 616.4638204563757
27 6000m 27.034618169872235 33.47029393370857 82.9 5.2 5.3 5.3 5.2 5.2 5.2 5.1 5.1 5.2 5.1 5.2 5.2 5.1 5.1 5.2 5.2 622.027741637584
30 6000m 30.04018496957669 32.33611574846967 92.20000000000002 5.8 5.8 5.7 5.8 5.8 5.8 5.9 5.7 5.7 5.8 5.7 5.8 5.7 5.8 5.7 5.7 618.784946684564
32 6000m 32.03840008139159 33.40073145245559 96.19999999999999 6.1 6.1 5.9 6.0 6.0 6.0 6.0 5.9 6.0 6.0 6.1 6.1 6.0 6.0 6.0 6.0 636.51534861745
35 6000m 35.023589165901996 49.83937082936129 99.19999999999999 6.2 6.2 6.2 6.2 6.2 6.2 6.3 6.2 6.2 6.3 6.1 6.1 6.3 6.2 6.2 6.1 679.4327967785237
37 6000m 37.02867513426434 64.79224876070302 99.7 6.3 6.3 6.2 6.2 6.2 6.2 6.3 6.2 6.2 6.3 6.2 6.2 6.2 6.2 6.3 6.2 753.3847572617451
40 6000m 34.23066838150585 5970.746638655462 99.7 6.2 6.3 6.3 6.2 6.2 6.2 6.2 6.2 6.2 6.2 6.2 6.2 6.2 6.3 6.3 6.3 1088.6064086685876
1 6500m 1.017308650832141 43.78333333333333 3.3000000000000003 0.2 0.2 0.2 0.2 0.2 0.2 0.2 0.2 0.2 0.2 0.2 0.2 0.2 0.2 0.3 0.2 629.4885506577181
3 6500m 3.017953370388159 43.174157303370784 10.299999999999997 0.7 0.7 0.6 0.7 0.6 0.7 0.7 0.7 0.6 0.6 0.6 0.6 0.7 0.6 0.6 0.6 553.3791802416105
5 6500m 5.019314714221644 43.736486486486484 18.4 1.1 1.1 1.2 1.2 1.2 1.2 1.1 1.1 1.1 1.1 1.2 1.1 1.1 1.2 1.2 1.2 557.1038049932883
7 6500m 7.019840417940507 42.38609112709832 23.9 1.5 1.5 1.5 1.4 1.5 1.5 1.5 1.5 1.5 1.5 1.5 1.5 1.5 1.5 1.5 1.5 560.0335583355705
10 6500m 10.019723982131543 41.08166666666666 32.60000000000001 2.0 2.0 2.0 2.0 2.1 2.0 2.0 2.0 2.1 2.0 2.1 2.1 2.0 2.1 2.0 2.1 564.8916205100669
12 6500m 12.021418103419142 40.60445682451253 38.59999999999999 2.4 2.4 2.4 2.5 2.4 2.4 2.5 2.4 2.4 2.4 2.4 2.4 2.4 2.4 2.4 2.4 562.0315678926174
15 6500m 15.025503206885071 39.7 47.3 3.0 2.9 3.0 2.9 3.0 3.0 3.0 3.0 3.1 2.9 2.9 3.0 2.9 2.9 2.9 2.9 562.5130815570469
18 6500m 18.03158783675249 38.264788732394365 54.59999999999999 3.5 3.4 3.3 3.5 3.4 3.5 3.4 3.3 3.5 3.4 3.4 3.4 3.4 3.4 3.4 3.4 580.897304053691
20 6500m 20.028287351701582 37.3784693019344 60.99999999999998 3.8 3.8 3.8 3.7 3.9 3.8 3.8 3.7 3.9 3.8 3.8 3.9 3.8 3.9 3.8 3.8 583.541230818792
22 6500m 22.031345263595345 35.719418960244646 65.10000000000001 4.0 4.1 4.0 4.0 4.1 4.1 4.0 4.1 4.1 4.1 4.0 4.1 4.2 4.0 4.1 4.1 588.5796956778526
25 6500m 25.030880326183155 34.22444889779559 72.9 4.5 4.5 4.6 4.6 4.6 4.6 4.6 4.6 4.5 4.6 4.5 4.5 4.6 4.6 4.5 4.5 606.1075517852348
27 6500m 27.0345382624725 33.32896379525593 76.69999999999999 4.8 4.8 4.7 4.8 4.9 4.8 4.8 4.8 4.8 4.7 4.8 4.9 4.8 4.8 4.8 4.7 602.2212999731541
30 6500m 30.03668029499337 32.16881660123388 83.20000000000002 5.2 5.2 5.3 5.2 5.2 5.2 5.2 5.1 5.2 5.2 5.2 5.2 5.2 5.2 5.2 5.2 606.1011466308724
32 6500m 32.04041335853716 31.831835007932312 87.7 5.5 5.5 5.5 5.5 5.4 5.5 5.4 5.6 5.5 5.5 5.4 5.5 5.5 5.5 5.4 5.5 607.6727460939595
35 6500m 35.038942349311526 32.58724832214765 95.10000000000002 6.0 5.9 6.0 6.0 6.0 6.0 6.0 5.9 5.9 5.9 5.9 5.9 5.9 6.0 5.9 5.9 627.4461723489935
37 6500m 37.047314427246796 39.79645615629259 98.70000000000002 6.2 6.1 6.2 6.2 6.1 6.2 6.2 6.1 6.2 6.1 6.1 6.2 6.2 6.2 6.2 6.2 649.4090068187919
40 6500m 40.03951621808625 54.30012610340479 98.90000000000002 6.2 6.1 6.2 6.2 6.2 6.2 6.2 6.1 6.1 6.2 6.2 6.2 6.2 6.2 6.2 6.2 743.7051670335571
42 6500m 38.38004795115383 3771.28668261563 99.0 6.2 6.2 6.2 6.1 6.2 6.2 6.3 6.2 6.1 6.2 6.2 6.2 6.2 6.1 6.1 6.3 1006.9980426177369
1 7000m 1.0173930461291445 44.9 3.2000000000000006 0.2 0.2 0.2 0.2 0.2 0.2 0.2 0.2 0.2 0.2 0.2 0.2 0.2 0.2 0.2 0.2 642.9117595151525
3 7000m 3.0181374047814478 43.07222222222222 9.599999999999998 0.6 0.6 0.6 0.6 0.6 0.6 0.6 0.6 0.6 0.6 0.6 0.6 0.6 0.6 0.6 0.6 573.1744633535352
5 7000m 5.018479854444771 42.90268456375839 17.299999999999997 1.0 1.1 1.1 1.0 1.1 1.1 1.1 1.1 1.0 1.1 1.1 1.2 1.1 1.1 1.0 1.1 578.4852100740741
7 7000m 7.020594378058782 42.48067632850242 22.1 1.4 1.4 1.4 1.4 1.4 1.4 1.4 1.4 1.4 1.3 1.4 1.4 1.3 1.4 1.3 1.4 578.236815946128
10 7000m 10.021463744936481 41.74539363484087 30.59999999999999 1.9 1.9 2.0 1.9 1.9 1.9 1.9 1.9 1.9 2.0 1.9 1.9 1.9 1.9 1.9 1.9 582.5434634343438
12 7000m 12.024238645895023 40.79634831460674 35.5 2.3 2.1 2.2 2.2 2.2 2.2 2.2 2.3 2.3 2.2 2.2 2.3 2.2 2.2 2.2 2.2 583.9165646174498
15 7000m 15.024784081086771 39.58399098083427 42.70000000000001 2.7 2.7 2.6 2.7 2.8 2.7 2.6 2.6 2.7 2.7 2.6 2.6 2.6 2.7 2.7 2.7 586.6670698523493
18 7000m 18.024818055593357 38.17439703153989 51.50000000000001 3.2 3.2 3.2 3.2 3.3 3.1 3.2 3.2 3.3 3.2 3.3 3.3 3.2 3.2 3.2 3.2 587.53495452349
20 7000m 20.02661114284143 37.08961474036851 56.400000000000006 3.5 3.5 3.5 3.5 3.5 3.4 3.6 3.5 3.6 3.5 3.5 3.6 3.6 3.5 3.5 3.6 587.5073958657716
22 7000m 22.02874565766823 35.79984662576687 60.5 3.8 3.8 3.8 3.8 3.9 3.8 3.7 3.8 3.8 3.7 3.8 3.7 3.7 3.7 3.9 3.8 601.9202577181205
25 7000m 25.029136314971502 34.12115127175368 67.40000000000002 4.2 4.2 4.2 4.2 4.2 4.3 4.2 4.2 4.2 4.2 4.2 4.2 4.2 4.2 4.3 4.2 610.6979169932882
27 7000m 27.03135614924554 33.28313627878033 71.5 4.5 4.5 4.4 4.5 4.5 4.5 4.5 4.5 4.4 4.5 4.5 4.4 4.4 4.5 4.4 4.5 614.4048244832215
30 7000m 30.037890903955944 32.17066369213609 77.79999999999998 4.8 4.9 4.9 4.8 4.8 4.9 4.9 4.8 5.0 4.8 4.9 4.9 4.9 4.9 4.8 4.8 639.6178761879198
32 7000m 32.0394262662227 31.761482254697285 82.20000000000002 5.1 5.2 5.1 5.1 5.1 5.1 5.1 5.1 5.2 5.1 5.2 5.2 5.1 5.2 5.2 5.1 658.3174631946309
35 7000m 35.04245661475812 31.639942390782526 87.9 5.5 5.5 5.5 5.4 5.5 5.5 5.5 5.5 5.5 5.5 5.5 5.5 5.5 5.5 5.5 5.5 659.1811006711408
37 7000m 37.04578456227669 32.22531992687386 91.60000000000001 5.8 5.7 5.7 5.7 5.8 5.7 5.7 5.8 5.7 5.7 5.6 5.7 5.8 5.7 5.8 5.7 674.8391465234898
40 7000m 40.044566402219644 34.48987341772152 97.60000000000001 6.1 6.1 6.1 6.1 6.1 6.2 6.1 6.1 6.0 6.1 6.0 6.0 6.0 6.2 6.2 6.2 676.4553896375842
42 7000m 42.04397473236874 45.55225080385852 98.5 6.2 6.1 6.2 6.1 6.2 6.1 6.2 6.2 6.2 6.2 6.1 6.2 6.1 6.1 6.1 6.2 720.9462241073825
45 7000m 41.42783518710457 3085.1871016122986 98.90000000000002 6.2 6.2 6.2 6.2 6.2 6.1 6.2 6.2 6.2 6.1 6.1 6.2 6.2 6.2 6.2 6.2 1002.0348565465836
1 7500m 1.0172046506790644 45.18333333333333 3.2000000000000006 0.2 0.2 0.2 0.2 0.2 0.2 0.2 0.2 0.2 0.2 0.2 0.2 0.2 0.2 0.2 0.2 625.3427801342287
3 7500m 3.0181896673228623 43.92696629213483 9.299999999999997 0.6 0.6 0.5 0.6 0.6 0.6 0.6 0.6 0.6 0.6 0.6 0.5 0.6 0.6 0.6 0.5 557.0574019865774
5 7500m 5.018597060636732 43.17391304347826 14.100000000000003 0.9 0.8 0.9 0.9 0.9 0.8 0.9 0.9 0.9 0.9 0.8 0.9 0.9 0.8 0.9 1.0 554.1466304429532
7 7500m 7.019024914404393 42.64200477326969 20.700000000000003 1.2 1.3 1.3 1.3 1.3 1.3 1.3 1.4 1.3 1.3 1.4 1.3 1.2 1.2 1.3 1.3 572.0739152751675
10 7500m 10.02112898084295 41.366554054054056 28.5 1.8 1.8 1.7 1.8 1.7 1.8 1.7 1.8 1.8 1.8 1.8 1.7 1.8 1.8 1.8 1.9 578.1597228821549
12 7500m 12.01988764529654 40.73018080667594 33.7 2.2 2.1 2.1 2.1 2.1 2.1 2.1 2.1 2.2 2.1 2.1 2.1 2.1 2.1 2.1 2.0 578.9823965637584
15 7500m 15.023054610716668 39.660734149054505 41.10000000000001 2.6 2.6 2.6 2.5 2.6 2.6 2.6 2.5 2.6 2.6 2.5 2.6 2.6 2.6 2.5 2.5 579.5006642684566
18 7500m 18.026781221576172 38.25187265917603 47.599999999999994 3.0 3.0 3.0 2.9 3.0 3.0 3.0 3.0 3.0 2.9 3.0 2.9 2.9 3.0 3.0 3.0 581.0795897986583
20 7500m 20.028895731031067 37.41414141414141 52.4 3.3 3.3 3.3 3.2 3.4 3.2 3.3 3.3 3.3 3.3 3.3 3.3 3.2 3.2 3.3 3.2 580.8344895570465
22 7500m 22.03024887106556 36.02352048558422 57.20000000000001 3.6 3.6 3.6 3.6 3.5 3.6 3.6 3.6 3.6 3.6 3.6 3.6 3.6 3.5 3.5 3.5 580.2531736912757
25 7500m 25.031759030056293 34.34134936539746 63.09999999999999 4.0 4.0 3.9 3.9 3.9 4.0 4.0 3.9 4.0 4.0 3.9 4.0 3.9 3.9 3.9 3.9 579.7673303624164
27 7500m 27.031169840652012 33.373040752351095 66.10000000000002 4.1 4.2 4.2 4.1 4.1 4.1 4.1 4.1 4.2 4.1 4.1 4.1 4.1 4.1 4.2 4.2 581.7452860134227
30 7500m 30.042760509350682 32.24313725490196 72.9 4.6 4.6 4.5 4.6 4.5 4.6 4.5 4.5 4.6 4.6 4.5 4.6 4.6 4.6 4.5 4.5 603.6945816912755
32 7500m 32.04096932421999 32.37019483938915 75.80000000000001 4.7 4.7 4.7 4.7 4.8 4.7 4.8 4.8 4.7 4.8 4.7 4.7 4.8 4.8 4.7 4.7 626.5193630067114
35 7500m 35.03908352063738 31.74565637065637 81.59999999999998 5.1 5.1 5.1 5.2 5.2 5.0 5.1 5.1 5.0 5.1 5.1 5.1 5.1 5.1 5.1 5.1 631.1517328322147
37 7500m 37.04468742195502 32.28288288288288 86.60000000000001 5.4 5.4 5.4 5.4 5.4 5.4 5.5 5.4 5.4 5.5 5.4 5.4 5.3 5.5 5.4 5.4 633.5972510067116
40 7500m 40.04838257043479 32.56442754541614 91.20000000000002 5.7 5.7 5.7 5.6 5.7 5.7 5.7 5.7 5.7 5.7 5.7 5.7 5.7 5.7 5.8 5.7 668.6660621744969
42 7500m 42.05032650740129 33.460887096774194 94.10000000000002 5.9 5.9 5.9 5.9 5.9 5.9 5.8 5.9 5.9 5.8 5.8 5.9 5.9 5.9 5.9 5.9 660.3223864697991
45 7500m 45.052065576099416 37.42375421506182 97.79999999999997 6.1 6.1 6.2 6.1 6.2 6.1 6.1 6.1 6.1 6.1 6.1 6.1 6.1 6.1 6.1 6.1 676.3635732617445
47 7500m 47.033545139737065 48.49767608151591 98.60000000000001 6.1 6.2 6.2 6.2 6.2 6.1 6.2 6.1 6.2 6.2 6.1 6.2 6.1 6.1 6.2 6.2 725.3290678120809
50 7500m 43.330069610664594 5427.033666666666 98.9 6.1 6.2 6.2 6.2 6.1 6.2 6.2 6.2 6.2 6.2 6.2 6.2 6.2 6.3 6.1 6.1 1120.1783412564835
1 8000m 1.0173225011237232 44.3 3.2000000000000006 0.2 0.2 0.2 0.2 0.2 0.2 0.2 0.2 0.2 0.2 0.2 0.2 0.2 0.2 0.2 0.2 621.8110659865766
3 8000m 3.018280618500316 44.03888888888889 8.6 0.6 0.6 0.6 0.6 0.6 0.5 0.5 0.5 0.5 0.6 0.5 0.5 0.5 0.5 0.5 0.5 557.8819487785238
5 8000m 5.018888268470056 42.86333333333334 12.200000000000003 0.7 0.7 0.7 0.8 0.8 0.8 0.7 0.7 0.7 0.8 0.8 0.8 0.8 0.8 0.8 0.8 562.2621677037035
7 8000m 7.018193868817477 42.207142857142856 19.499999999999996 1.2 1.2 1.2 1.2 1.2 1.3 1.2 1.2 1.3 1.2 1.2 1.2 1.2 1.3 1.2 1.2 564.9856910604027
10 8000m 10.021473522038402 41.3597972972973 26.699999999999996 1.7 1.7 1.7 1.6 1.6 1.7 1.6 1.6 1.7 1.7 1.7 1.7 1.7 1.6 1.7 1.7 566.6110470872485
12 8000m 12.022909726078623 40.719718309859154 31.299999999999997 2.0 1.9 2.0 2.0 1.9 2.0 1.9 1.9 2.0 1.9 2.0 1.9 2.0 2.0 1.9 2.0 569.3045931812081
15 8000m 15.030947009763592 39.56692913385827 37.89999999999999 2.4 2.5 2.3 2.3 2.3 2.3 2.3 2.4 2.4 2.4 2.3 2.4 2.4 2.4 2.4 2.4 586.6130394074074
18 8000m 18.025352067864198 38.24554826616682 44.89999999999999 2.8 2.8 2.8 2.8 2.8 2.8 2.8 2.8 2.9 2.8 2.8 2.7 2.9 2.8 2.8 2.8 590.0133369127515
20 8000m 20.027876901999278 36.89416666666666 49.80000000000001 3.1 3.2 3.1 3.1 3.2 3.2 3.1 3.0 3.1 3.1 3.1 3.1 3.2 3.1 3.0 3.1 589.3739897986579
22 8000m 22.028960652300785 35.67709923664122 52.89999999999999 3.4 3.3 3.3 3.3 3.3 3.3 3.3 3.3 3.3 3.3 3.4 3.3 3.3 3.2 3.3 3.3 589.2496940671141
25 8000m 25.03249651793533 34.16901408450704 58.90000000000002 3.6 3.6 3.7 3.7 3.6 3.7 3.7 3.7 3.7 3.7 3.7 3.7 3.7 3.7 3.7 3.7 589.193655838926
27 8000m 27.03152861136202 33.324441687344915 62.89999999999999 3.9 3.9 4.0 3.9 3.9 4.0 3.9 4.0 3.9 3.9 4.0 3.9 3.9 3.9 3.9 4.0 590.0489913557044
30 8000m 30.042272600190525 32.16170690623245 67.30000000000003 4.2 4.2 4.2 4.2 4.2 4.3 4.2 4.2 4.2 4.2 4.2 4.2 4.2 4.2 4.2 4.2 590.1955539328859
32 8000m 32.03819986801231 31.140763997906856 72.1 4.5 4.6 4.5 4.5 4.4 4.5 4.5 4.5 4.5 4.5 4.5 4.6 4.5 4.5 4.5 4.5 626.3729516241607
35 8000m 35.0413189425487 31.635621699471915 77.39999999999999 4.8 4.9 4.9 4.8 4.8 4.8 4.8 4.9 4.9 4.8 4.8 4.9 4.8 4.8 4.9 4.8 629.6749461476508
37 8000m 37.04595664847364 32.04572204617474 80.89999999999999 5.1 5.1 5.0 5.2 5.0 5.0 5.1 5.0 5.1 5.0 5.0 5.0 5.1 5.1 5.1 5.0 644.2586854228188
40 8000m 40.04739185574198 32.414345991561184 85.09999999999998 5.3 5.3 5.3 5.4 5.3 5.4 5.3 5.3 5.4 5.3 5.3 5.3 5.3 5.3 5.3 5.3 649.26039624161
42 8000m 42.04296680402356 32.98569725864124 89.39999999999999 5.6 5.5 5.5 5.6 5.7 5.6 5.6 5.6 5.6 5.5 5.6 5.6 5.7 5.5 5.6 5.6 659.4796413422823
45 8000m 45.049161670654186 33.480790749720256 94.00000000000001 5.8 5.9 5.9 5.9 5.9 5.9 5.9 5.8 5.9 5.8 5.9 5.8 5.9 5.9 5.9 5.9 660.8353486174498
47 8000m 47.05543103234873 33.80840455840456 96.79999999999998 6.0 6.1 6.1 6.1 6.0 6.0 6.1 6.1 6.0 6.0 6.1 6.0 6.0 6.1 6.0 6.1 665.3382133691275
50 8000m 50.047979683288276 39.77972381273156 98.70000000000003 6.2 6.2 6.2 6.1 6.1 6.2 6.1 6.2 6.1 6.1 6.2 6.2 6.2 6.2 6.2 6.2 679.1483034630874
1 8500m 1.0173015856243341 43.15 2.8000000000000007 0.2 0.2 0.2 0.2 0.1 0.2 0.2 0.1 0.1 0.2 0.2 0.2 0.2 0.2 0.1 0.2 625.4911570469794
3 8500m 3.0182200264065573 43.36666666666667 8.1 0.5 0.5 0.5 0.5 0.6 0.5 0.5 0.5 0.5 0.5 0.5 0.5 0.5 0.5 0.5 0.5 553.9948675016838
5 8500m 5.019639775090213 43.358108108108105 11.199999999999998 0.7 0.7 0.7 0.7 0.7 0.7 0.7 0.7 0.7 0.7 0.7 0.7 0.7 0.7 0.7 0.7 557.2056414496645
7 8500m 7.01964902385333 42.13701923076923 17.9 1.1 1.1 1.1 1.1 1.1 1.2 1.1 1.1 1.2 1.1 1.1 1.1 1.1 1.1 1.2 1.1 561.9023239731545
10 8500m 10.02202680602341 41.87437185929648 25.200000000000003 1.6 1.6 1.6 1.6 1.6 1.6 1.5 1.6 1.6 1.6 1.5 1.6 1.6 1.5 1.6 1.5 559.359882774411
12 8500m 12.023640224977253 40.57263751763047 29.200000000000003 1.9 1.9 1.8 1.8 1.8 1.8 1.8 1.8 1.9 1.8 1.8 1.8 1.9 1.8 1.8 1.8 561.728642577181
15 8500m 15.025243941821202 39.570462232243514 36.400000000000006 2.3 2.3 2.2 2.3 2.3 2.3 2.2 2.3 2.3 2.2 2.3 2.3 2.3 2.3 2.3 2.2 561.7445592483217
18 8500m 18.026395819573107 38.207635009310984 42.300000000000004 2.7 2.6 2.7 2.6 2.6 2.6 2.6 2.7 2.6 2.7 2.6 2.7 2.6 2.7 2.7 2.6 562.4644518657714
20 8500m 20.028336625080783 37.09607351712615 46.89999999999999 2.9 2.9 2.9 2.9 3.0 2.9 2.9 2.9 3.0 2.9 3.0 3.0 3.0 2.9 2.9 2.9 561.4542243221473
22 8500m 22.029074393984168 35.765957446808514 50.30000000000001 3.1 3.1 3.1 3.2 3.1 3.2 3.2 3.1 3.2 3.1 3.2 3.2 3.1 3.2 3.1 3.1 567.4904088053689
25 8500m 25.028808505283692 34.14218958611482 56.0 3.5 3.5 3.5 3.5 3.5 3.4 3.5 3.5 3.5 3.5 3.5 3.5 3.6 3.5 3.5 3.5 583.5056451006704
27 8500m 27.034235645316574 33.291407222914074 58.80000000000002 3.7 3.7 3.7 3.7 3.7 3.6 3.7 3.7 3.6 3.7 3.7 3.6 3.7 3.7 3.6 3.7 585.1461755704704
30 8500m 30.040920040649212 32.1540191118606 64.10000000000001 4.1 4.0 4.0 4.0 4.0 4.0 4.1 4.0 4.0 4.0 4.0 4.0 4.0 4.0 4.0 3.9 623.0316602416109
32 8500m 32.04179006853242 32.379256155055 67.40000000000002 4.3 4.2 4.2 4.2 4.2 4.2 4.3 4.2 4.2 4.2 4.2 4.2 4.2 4.2 4.2 4.2 629.3731479194629
35 8500m 35.03958263655002 31.55481410867493 73.5 4.6 4.6 4.6 4.6 4.5 4.6 4.6 4.6 4.6 4.6 4.6 4.6 4.6 4.6 4.6 4.6 630.9794809127525
37 8500m 37.04086021518406 31.881147540983605 75.9 4.7 4.7 4.8 4.7 4.8 4.8 4.7 4.8 4.7 4.7 4.8 4.7 4.7 4.7 4.8 4.8 632.5213225234894
40 8500m 40.05304684220751 32.883523930537905 80.89999999999999 5.0 5.1 5.1 5.1 5.0 5.0 5.1 5.1 5.0 5.1 5.1 5.0 5.0 5.1 5.1 5.0 688.0145078120805
42 8500m 42.04746069338311 33.051772202309834 84.3 5.2 5.3 5.3 5.2 5.3 5.3 5.3 5.2 5.3 5.3 5.2 5.3 5.3 5.3 5.2 5.3 697.78513095302
45 8500m 45.04884334073844 33.35854653318502 88.79999999999998 5.5 5.6 5.6 5.5 5.6 5.5 5.6 5.5 5.6 5.5 5.5 5.5 5.6 5.5 5.6 5.6 701.1218590067115
47 8500m 47.04139490886677 33.46737588652482 91.30000000000003 5.7 5.7 5.7 5.7 5.7 5.7 5.7 5.7 5.7 5.7 5.7 5.7 5.7 5.7 5.8 5.7 700.781506147651
50 8500m 50.04855586485042 33.3024587403166 93.9 5.8 5.9 6.0 5.9 5.9 5.9 5.9 5.8 5.8 5.8 5.8 5.9 5.9 5.9 5.9 5.8 701.7715835704699
1 9000m 1.0173502909169492 46.166666666666664 3.2000000000000006 0.2 0.2 0.2 0.2 0.2 0.2 0.2 0.2 0.2 0.2 0.2 0.2 0.2 0.2 0.2 0.2 624.7514029530198
3 9000m 3.0181198596418772 43.57222222222222 7.800000000000001 0.5 0.5 0.5 0.5 0.4 0.5 0.5 0.5 0.5 0.5 0.5 0.5 0.5 0.5 0.5 0.4 555.8455770201341
5 9000m 5.0186344595419845 42.66442953020134 11.199999999999998 0.7 0.7 0.7 0.7 0.7 0.7 0.7 0.7 0.7 0.7 0.7 0.7 0.7 0.7 0.7 0.7 561.2930508456378
7 9000m 7.019305440507329 42.124105011933175 17.5 1.1 1.1 1.1 1.1 1.1 1.1 1.1 1.0 1.1 1.1 1.1 1.1 1.1 1.1 1.1 1.1 561.8176137449664
10 9000m 10.020991157269375 41.23737373737374 23.799999999999997 1.5 1.5 1.4 1.5 1.5 1.5 1.5 1.5 1.5 1.5 1.5 1.5 1.5 1.5 1.5 1.4 566.7940888053694
12 9000m 12.022114763279768 40.433802816901405 27.7 1.7 1.7 1.7 1.7 1.7 1.8 1.7 1.8 1.7 1.8 1.8 1.7 1.7 1.7 1.7 1.8 568.3893837575758
15 9000m 15.02214445869552 39.7072625698324 34.0 2.1 2.1 2.2 2.1 2.1 2.1 2.1 2.1 2.1 2.0 2.2 2.2 2.1 2.2 2.2 2.1 568.7246105771816
18 9000m 18.028830838837965 38.222429906542054 40.0 2.6 2.5 2.5 2.5 2.4 2.5 2.5 2.5 2.5 2.5 2.5 2.5 2.5 2.5 2.5 2.5 567.437490684564
20 9000m 20.029463256309526 37.159832635983264 43.699999999999996 2.8 2.7 2.7 2.7 2.7 2.8 2.7 2.7 2.8 2.7 2.7 2.7 2.7 2.8 2.8 2.7 585.9733613959731
22 9000m 22.0317350135048 35.75846153846154 46.899999999999984 3.0 3.0 3.0 2.9 2.9 2.9 2.9 2.9 2.9 3.0 3.0 3.0 2.9 2.9 2.9 2.8 588.4553999463085
25 9000m 25.030599170773034 34.04969778374748 51.8 3.2 3.2 3.2 3.2 3.2 3.2 3.3 3.3 3.2 3.2 3.3 3.3 3.2 3.2 3.3 3.3 590.8549824429529
27 9000m 27.030711602526527 33.2905824039653 55.8 3.5 3.5 3.5 3.5 3.5 3.5 3.4 3.5 3.5 3.5 3.5 3.5 3.5 3.5 3.4 3.5 592.405730791946
30 9000m 30.031549024554156 32.15744920993228 60.2 3.8 3.7 3.8 3.7 3.8 3.8 3.8 3.8 3.7 3.8 3.7 3.8 3.7 3.8 3.7 3.8 631.7719744429527
32 9000m 32.04827984518811 31.13068783068783 63.6 4.0 3.9 3.9 4.0 4.0 4.0 3.9 4.0 3.9 4.0 4.0 4.0 4.0 4.0 4.0 4.0 648.9321664429531
35 9000m 35.036939892449595 31.625714285714285 69.29999999999998 4.3 4.4 4.3 4.3 4.4 4.4 4.4 4.3 4.3 4.3 4.3 4.3 4.3 4.4 4.3 4.3 650.601602577181
37 9000m 37.04033571242316 31.933726736268724 71.8 4.5 4.4 4.5 4.5 4.5 4.5 4.5 4.5 4.6 4.5 4.5 4.4 4.5 4.5 4.4 4.5 644.5495976375837
40 9000m 40.04488423516384 32.77426160337553 76.10000000000001 4.7 4.8 4.7 4.8 4.8 4.8 4.7 4.8 4.8 4.8 4.7 4.8 4.7 4.8 4.7 4.7 657.8856238389259
42 9000m 42.04491236565545 32.987271280827365 79.5 5.0 5.0 5.0 4.9 5.0 4.9 5.0 5.0 4.9 5.0 5.0 5.0 5.0 4.9 5.0 4.9 655.1615776644296
45 9000m 45.049039239790396 33.287574404761905 83.50000000000001 5.2 5.2 5.2 5.2 5.2 5.2 5.2 5.3 5.2 5.2 5.2 5.2 5.3 5.2 5.2 5.3 662.8111875436248
47 9000m 47.052374122713644 33.54591285559957 85.09999999999998 5.3 5.4 5.3 5.3 5.3 5.4 5.3 5.3 5.3 5.3 5.3 5.3 5.3 5.3 5.3 5.4 678.0851577986574
50 9000m 50.06037560591145 33.1993265993266 88.79999999999998 5.5 5.5 5.6 5.6 5.5 5.5 5.6 5.5 5.5 5.6 5.5 5.6 5.6 5.6 5.5 5.6 699.4440521879195
1 9500m 1.0172931016160072 46.31666666666667 2.3000000000000007 0.1 0.2 0.2 0.2 0.2 0.1 0.2 0.2 0.1 0.1 0.1 0.1 0.2 0.1 0.1 0.1 626.5586323758387
3 9500m 3.018033063106066 43.5 7.000000000000002 0.4 0.4 0.4 0.5 0.5 0.5 0.4 0.5 0.4 0.5 0.5 0.4 0.4 0.4 0.4 0.4 556.7500782818786
5 9500m 5.01894517420162 43.5 11.799999999999999 0.7 0.7 0.7 0.7 0.7 0.8 0.7 0.8 0.8 0.7 0.8 0.8 0.7 0.7 0.7 0.8 557.7472206174498
7 9500m 7.019042188484478 42.243436754176614 16.2 1.0 1.0 1.0 1.0 1.1 1.0 1.0 1.0 1.0 1.0 1.0 1.0 1.0 1.0 1.0 1.1 556.8952938523491
10 9500m 10.021843392521228 41.693086003372684 22.399999999999995 1.4 1.3 1.4 1.4 1.4 1.4 1.4 1.5 1.4 1.4 1.4 1.4 1.4 1.4 1.4 1.4 560.6668714093963
12 9500m 12.024828787416586 40.803646563814866 25.700000000000003 1.6 1.6 1.6 1.6 1.6 1.6 1.6 1.6 1.6 1.6 1.6 1.6 1.6 1.6 1.6 1.7 562.9410585771808
15 9500m 15.023432733920338 39.702460850111855 32.1 2.0 2.1 2.0 2.0 2.0 2.0 2.0 2.0 2.1 2.0 2.0 2.0 1.9 2.0 2.0 2.0 558.5717536644297
18 9500m 18.02453546577889 38.172541743970314 37.99999999999999 2.4 2.4 2.4 2.4 2.4 2.3 2.4 2.4 2.4 2.4 2.3 2.3 2.4 2.4 2.3 2.4 562.9853998389261
20 9500m 20.025935146375733 37.36748518204911 41.2 2.6 2.6 2.6 2.6 2.6 2.6 2.6 2.5 2.6 2.6 2.5 2.5 2.6 2.6 2.6 2.5 562.7169056644298
22 9500m 22.026888234709006 35.96335877862595 45.099999999999994 2.8 2.8 2.8 2.8 2.8 2.8 2.8 2.8 2.9 2.8 2.8 2.8 2.9 2.8 2.9 2.8 583.2298523489931
25 9500m 25.027950853552568 34.256513026052104 49.70000000000001 3.2 3.1 3.1 3.0 3.1 3.1 3.2 3.0 3.1 3.1 3.1 3.1 3.1 3.1 3.2 3.1 586.5934243221478
27 9500m 27.03508496045155 33.438042131350684 52.899999999999984 3.3 3.3 3.3 3.3 3.3 3.3 3.3 3.3 3.3 3.4 3.3 3.3 3.3 3.3 3.3 3.3 589.364794416107
30 9500m 30.029450650506398 32.20333333333333 57.600000000000016 3.6 3.6 3.6 3.5 3.6 3.6 3.6 3.6 3.7 3.6 3.6 3.6 3.6 3.6 3.6 3.6 586.0499346040261
32 9500m 32.03503946604046 32.14091858037578 60.0 3.8 3.8 3.7 3.7 3.8 3.7 3.7 3.8 3.7 3.7 3.8 3.8 3.7 3.7 3.8 3.8 587.1566793020137
35 9500m 35.04124109437344 31.70019249278152 64.4 4.0 4.1 4.0 4.0 4.0 4.0 4.0 4.1 4.0 4.0 4.1 4.0 4.0 4.0 4.1 4.0 611.6495360000004
37 9500m 37.047002081654654 32.0573881608676 68.39999999999998 4.3 4.3 4.3 4.2 4.3 4.2 4.2 4.3 4.3 4.3 4.3 4.2 4.3 4.3 4.3 4.3 651.8421820134228
40 9500m 40.046264444946175 33.368776371308016 71.9 4.4 4.5 4.5 4.5 4.5 4.5 4.5 4.5 4.5 4.5 4.5 4.5 4.5 4.5 4.5 4.5 652.8266514899333
42 9500m 42.04231943777426 33.07645875251509 74.10000000000001 4.6 4.6 4.6 4.7 4.6 4.6 4.6 4.6 4.6 4.6 4.6 4.7 4.7 4.7 4.6 4.7 649.5270485906041
45 9500m 45.04530858802945 33.42557180352456 78.30000000000001 4.9 4.9 4.9 4.9 4.9 4.8 4.9 4.9 4.9 4.9 4.9 4.9 4.9 4.9 4.9 4.9 658.9993647248328
47 9500m 47.044811452617516 33.621228257011005 81.69999999999999 5.1 5.1 5.1 5.1 5.1 5.1 5.1 5.1 5.1 5.1 5.1 5.1 5.2 5.1 5.1 5.1 665.9996623892621
50 9500m 50.05018124563947 33.247564662411826 84.59999999999998 5.3 5.3 5.3 5.3 5.3 5.3 5.2 5.3 5.3 5.3 5.3 5.3 5.3 5.3 5.2 5.3 678.0678391409396
1 10000m 1.017293979647911 43.88333333333333 2.0000000000000004 0.2 0.1 0.1 0.1 0.2 0.1 0.1 0.1 0.1 0.2 0.1 0.1 0.1 0.1 0.1 0.2 628.5387047516774
3 10000m 3.0178246337786803 43.33888888888889 6.600000000000001 0.4 0.4 0.4 0.4 0.4 0.5 0.4 0.4 0.4 0.4 0.5 0.4 0.4 0.4 0.4 0.4 547.1731354630871
5 10000m 5.018888671302943 43.486577181208055 11.7 0.8 0.7 0.7 0.7 0.8 0.7 0.7 0.7 0.7 0.8 0.7 0.8 0.8 0.7 0.7 0.7 550.9462160808081
7 10000m 7.019775477581258 42.29879518072289 15.300000000000002 1.0 1.0 0.9 0.9 1.0 0.9 1.0 0.9 1.0 1.0 0.9 1.0 0.9 0.9 1.0 1.0 557.9635251543622
10 10000m 10.020437469900223 41.21979865771812 21.4 1.3 1.3 1.4 1.3 1.4 1.3 1.3 1.3 1.3 1.4 1.3 1.4 1.3 1.4 1.4 1.3 558.7481565637585
12 10000m 12.021787331221784 41.241573033707866 25.000000000000007 1.6 1.6 1.5 1.6 1.6 1.5 1.5 1.5 1.6 1.6 1.5 1.6 1.6 1.6 1.5 1.6 559.8219545771808
15 10000m 15.024116168531714 39.55233853006681 30.49999999999999 1.9 1.9 2.0 1.9 1.9 1.9 1.9 1.9 1.9 1.9 1.9 1.9 1.9 1.9 1.9 1.9 560.3107064242425
18 10000m 18.02562154795827 38.18045112781955 35.6 2.3 2.3 2.2 2.2 2.2 2.2 2.2 2.2 2.3 2.2 2.2 2.2 2.3 2.2 2.2 2.2 566.8695624161073
20 10000m 20.024478942273067 37.13182199832074 39.4 2.5 2.5 2.4 2.5 2.4 2.4 2.5 2.4 2.5 2.5 2.5 2.5 2.4 2.4 2.5 2.5 569.2500119194631
22 10000m 22.029855231726824 35.7532667179093 42.10000000000001 2.6 2.6 2.6 2.6 2.6 2.7 2.6 2.7 2.6 2.6 2.7 2.6 2.7 2.6 2.6 2.7 571.9095942013423
25 10000m 25.028936295088908 34.16845637583893 46.89999999999999 2.9 3.0 3.0 2.9 3.0 3.0 2.9 2.9 2.9 2.9 2.9 2.9 2.9 2.9 3.0 2.9 592.2946439731545
27 10000m 27.036972141588315 33.38519447929737 49.600000000000016 3.1 3.1 3.1 3.1 3.1 3.0 3.1 3.1 3.1 3.1 3.1 3.1 3.1 3.1 3.1 3.2 646.8860082684564
30 10000m 30.037247079423178 32.17581187010079 54.39999999999999 3.4 3.4 3.4 3.4 3.4 3.5 3.4 3.3 3.4 3.4 3.4 3.4 3.4 3.4 3.4 3.4 651.353795865772
32 10000m 32.031354600040984 32.22834645669291 57.30000000000001 3.6 3.6 3.6 3.6 3.5 3.6 3.6 3.6 3.6 3.6 3.6 3.6 3.6 3.5 3.6 3.5 650.612832214765
35 10000m 35.04524461254908 31.614026717557252 62.09999999999998 3.9 3.9 3.9 3.9 3.8 3.9 3.9 3.9 3.9 3.9 3.9 3.9 3.9 3.8 3.9 3.8 653.4301104966447
37 10000m 37.04063347052993 32.06454545454545 64.6 4.0 4.1 4.0 4.1 4.0 4.1 4.1 4.0 4.1 4.0 4.0 4.0 4.0 4.0 4.0 4.1 655.8433967248322
40 10000m 40.04469941683033 32.33026370866472 68.99999999999999 4.3 4.3 4.3 4.3 4.3 4.3 4.3 4.3 4.4 4.3 4.3 4.3 4.3 4.3 4.4 4.3 660.0872650738249
42 10000m 42.0502355357311 33.11200321156162 71.1 4.4 4.5 4.4 4.5 4.5 4.4 4.4 4.4 4.5 4.4 4.4 4.4 4.5 4.5 4.5 4.4 663.6189104966446
45 10000m 45.04503981961508 33.4277108433735 74.50000000000001 4.7 4.6 4.7 4.6 4.7 4.7 4.6 4.6 4.6 4.7 4.7 4.6 4.6 4.7 4.7 4.7 683.4869845906039
47 10000m 47.05293524900188 33.57260078487335 77.19999999999997 4.8 4.9 4.9 4.8 4.8 4.8 4.8 4.8 4.8 4.8 4.9 4.8 4.9 4.8 4.8 4.8 685.3873361610737
50 10000m 50.04330071845839 33.255412719891744 79.6 4.9 5.0 5.0 5.0 4.9 5.0 4.9 5.0 5.0 5.0 5.0 4.9 5.0 5.0 5.0 5.0 687.0259698255034
1 10500m 1.0173470144401409 44.81666666666667 1.6000000000000003 0.1 0.1 0.1 0.1 0.1 0.1 0.1 0.1 0.1 0.1 0.1 0.1 0.1 0.1 0.1 0.1 628.2889843501682
3 10500m 3.0182090094729626 43.022346368715084 6.400000000000001 0.4 0.4 0.4 0.4 0.4 0.4 0.4 0.4 0.4 0.4 0.4 0.4 0.4 0.4 0.4 0.4 569.4665088859061
5 10500m 5.01922652627033 42.86531986531987 10.999999999999996 0.7 0.7 0.7 0.7 0.7 0.6 0.7 0.7 0.7 0.7 0.6 0.7 0.7 0.7 0.7 0.7 574.066907919463
7 10500m 7.019429292211147 42.36778846153846 14.500000000000004 0.9 1.0 0.9 0.9 0.9 0.9 0.9 0.9 0.9 0.9 0.9 0.9 0.9 0.9 0.9 0.9 580.5114828456379
10 10500m 10.021913233111025 41.15436241610738 20.700000000000006 1.3 1.3 1.3 1.3 1.3 1.3 1.2 1.3 1.3 1.3 1.3 1.3 1.3 1.3 1.3 1.3 578.1540561610739
12 10500m 12.02304497210043 40.23562412342216 23.799999999999997 1.4 1.5 1.5 1.5 1.5 1.5 1.5 1.5 1.5 1.5 1.5 1.5 1.5 1.5 1.5 1.4 582.2162023087249
15 10500m 15.023682402079398 39.498873873873876 28.500000000000004 1.8 1.8 1.8 1.8 1.8 1.8 1.7 1.8 1.8 1.8 1.8 1.8 1.7 1.7 1.8 1.8 582.4763120536917
18 10500m 18.028786932838578 38.2406015037594 33.70000000000001 2.1 2.1 2.2 2.1 2.1 2.1 2.1 2.1 2.1 2.1 2.1 2.1 2.1 2.1 2.1 2.1 604.925388456376
20 10500m 20.02564225139424 37.21589958158996 37.69999999999999 2.4 2.4 2.4 2.3 2.4 2.4 2.3 2.4 2.4 2.4 2.4 2.3 2.3 2.3 2.3 2.3 604.8717555973155
22 10500m 22.02946168028839 35.82555470543229 40.400000000000006 2.5 2.6 2.5 2.5 2.5 2.6 2.5 2.5 2.5 2.5 2.5 2.5 2.5 2.6 2.6 2.5 605.13523285906
25 10500m 25.031487564501848 34.07271514342895 44.89999999999999 2.8 2.8 2.8 2.8 2.8 2.8 2.8 2.8 2.9 2.8 2.8 2.8 2.8 2.8 2.8 2.8 607.1285966174497
27 10500m 27.03139423386313 33.35585864848109 47.9 3.0 3.0 3.0 2.9 3.0 2.9 3.0 3.0 3.0 3.0 3.0 3.1 3.0 3.0 3.0 3.0 625.6728242684567
30 10500m 30.02878065024456 32.104527669088874 51.900000000000006 3.2 3.2 3.2 3.3 3.3 3.3 3.2 3.3 3.2 3.2 3.2 3.2 3.2 3.3 3.3 3.3 627.946502872483
32 10500m 32.03447847151793 32.22292657157951 53.69999999999999 3.3 3.4 3.3 3.4 3.4 3.3 3.3 3.3 3.4 3.4 3.4 3.4 3.4 3.3 3.4 3.3 629.9236063355704
35 10500m 35.03660474131106 31.561623972933784 58.70000000000002 3.7 3.7 3.7 3.6 3.7 3.7 3.7 3.7 3.7 3.6 3.6 3.7 3.6 3.7 3.7 3.6 631.6324767785228
37 10500m 37.03979042714389 32.09136592051165 60.899999999999984 3.8 3.8 3.8 3.8 3.8 3.8 3.8 3.8 3.8 3.8 3.9 3.8 3.8 3.8 3.8 3.8 633.3148469261748
40 10500m 40.045763386942106 33.09737510584251 64.0 4.0 4.0 4.0 4.0 4.0 4.0 4.0 4.0 4.0 4.0 4.0 4.0 4.0 4.0 4.0 4.0 653.4177125369127
42 10500m 42.04787267617581 33.09289400555776 68.1 4.3 4.2 4.3 4.2 4.2 4.2 4.3 4.3 4.3 4.2 4.2 4.3 4.3 4.2 4.3 4.3 669.9041537718123
45 10500m 45.04895567915916 33.37290658727205 71.8 4.5 4.5 4.5 4.5 4.5 4.4 4.5 4.5 4.4 4.5 4.5 4.5 4.5 4.5 4.5 4.5 688.4495360000004
47 10500m 47.046655738018494 33.48510638297872 73.7 4.6 4.6 4.6 4.6 4.6 4.6 4.6 4.6 4.6 4.6 4.6 4.6 4.7 4.6 4.6 4.6 684.9692417718121
50 10500m 50.05410015302879 33.12976588628762 76.59999999999998 4.7 4.8 4.8 4.8 4.8 4.8 4.8 4.8 4.8 4.8 4.8 4.8 4.8 4.7 4.8 4.8 695.8375929127519
1 11000m 1.0174052024412892 44.65 1.6000000000000003 0.1 0.1 0.1 0.1 0.1 0.1 0.1 0.1 0.1 0.1 0.1 0.1 0.1 0.1 0.1 0.1 622.6765040536908
3 11000m 3.0178265564248488 43.53888888888889 6.400000000000001 0.4 0.4 0.4 0.4 0.4 0.4 0.4 0.4 0.4 0.4 0.4 0.4 0.4 0.4 0.4 0.4 541.563127409396
5 11000m 5.019135761273924 42.94314381270903 9.599999999999998 0.6 0.6 0.6 0.6 0.6 0.6 0.6 0.6 0.6 0.6 0.6 0.6 0.6 0.6 0.6 0.6 548.8277566060607
7 11000m 7.019393481319288 42.10551558752998 14.100000000000003 0.9 0.8 0.9 0.8 0.9 0.9 0.9 0.8 0.9 0.9 0.9 0.9 0.9 0.9 0.9 0.9 556.4878105771813
10 11000m 10.022486172755903 41.28787878787879 19.399999999999995 1.3 1.2 1.2 1.2 1.2 1.2 1.2 1.2 1.2 1.2 1.2 1.2 1.2 1.2 1.3 1.2 558.5818149798656
12 11000m 12.023170736585215 40.463585434173666 22.499999999999996 1.4 1.4 1.4 1.4 1.4 1.4 1.4 1.4 1.4 1.4 1.4 1.5 1.4 1.4 1.4 1.4 559.3512582013424
15 11000m 15.02347877936901 39.6783295711061 27.199999999999992 1.7 1.7 1.7 1.7 1.7 1.7 1.7 1.7 1.7 1.7 1.7 1.7 1.7 1.7 1.7 1.7 562.5152395167781
18 11000m 18.02635611018376 38.26753975678204 32.3 2.0 2.0 2.0 2.0 2.1 2.1 2.0 2.0 2.0 2.0 2.0 2.0 2.0 2.1 2.0 2.0 561.5435253691275
20 11000m 20.025961655352706 37.07095158597663 35.99999999999999 2.3 2.3 2.2 2.3 2.3 2.2 2.3 2.2 2.2 2.2 2.3 2.2 2.2 2.3 2.2 2.3 561.59394190604
22 11000m 22.031118882979197 35.83498098859316 38.49999999999999 2.4 2.4 2.4 2.4 2.4 2.4 2.4 2.5 2.4 2.4 2.4 2.4 2.4 2.4 2.4 2.4 567.8489187651004
25 11000m 25.034205944566995 34.152188552188555 42.800000000000004 2.7 2.7 2.7 2.7 2.6 2.6 2.7 2.7 2.7 2.7 2.7 2.7 2.7 2.7 2.6 2.6 598.804878604027
27 11000m 27.034038913126633 33.344354335620714 45.399999999999984 2.8 2.8 2.8 2.9 2.9 2.8 2.8 2.8 2.9 2.9 2.9 2.8 2.8 2.9 2.8 2.8 600.9085732080537
30 11000m 30.036106119230862 32.146205357142854 49.40000000000001 3.1 3.1 3.1 3.1 3.0 3.1 3.1 3.1 3.1 3.0 3.1 3.1 3.1 3.1 3.1 3.1 602.0751360000003
32 11000m 32.03607197899658 31.4375 52.49999999999999 3.3 3.3 3.2 3.3 3.3 3.3 3.2 3.3 3.3 3.3 3.3 3.2 3.3 3.3 3.3 3.3 603.9443552214765
35 11000m 35.04037802584056 31.662851692894613 56.2 3.5 3.5 3.5 3.5 3.5 3.5 3.5 3.6 3.5 3.5 3.5 3.6 3.5 3.5 3.5 3.5 623.5936506845635
37 11000m 37.04481438501891 32.101000909918106 58.80000000000002 3.6 3.7 3.7 3.7 3.6 3.7 3.7 3.6 3.7 3.7 3.7 3.6 3.7 3.7 3.7 3.7 640.0916239463093
40 11000m 40.039584258890564 32.419436264198566 62.29999999999999 3.9 3.9 3.9 3.9 3.9 3.9 3.8 3.9 3.9 3.9 3.9 3.9 3.9 3.9 3.9 3.9 649.9650044563756
42 11000m 42.04676605510487 33.05094263939029 64.1 4.0 4.0 4.0 4.0 4.0 4.0 4.0 4.0 4.0 4.0 4.0 4.0 4.1 4.0 4.0 4.0 648.7832534765098
45 11000m 45.04432045528753 33.38725307491614 68.1 4.2 4.2 4.3 4.2 4.3 4.2 4.3 4.2 4.2 4.3 4.3 4.3 4.2 4.3 4.3 4.3 673.0774679194628
47 11000m 47.04878524791651 33.523809523809526 70.1 4.3 4.4 4.4 4.4 4.3 4.4 4.4 4.4 4.4 4.4 4.4 4.4 4.4 4.4 4.4 4.3 675.6267193557042
50 11000m 50.05720351674099 33.22229706972045 72.3 4.5 4.6 4.5 4.5 4.5 4.5 4.5 4.6 4.5 4.5 4.5 4.5 4.5 4.5 4.5 4.6 677.0162392483226
1 11500m 1.0173661249285837 44.266666666666666 1.7000000000000004 0.2 0.1 0.1 0.1 0.1 0.1 0.1 0.1 0.1 0.1 0.1 0.1 0.1 0.1 0.1 0.1 625.2329441073834
3 11500m 3.017848384044405 43.144444444444446 6.300000000000002 0.4 0.4 0.4 0.4 0.4 0.4 0.4 0.4 0.4 0.3 0.4 0.4 0.4 0.4 0.4 0.4 549.7773805100676
5 11500m 5.018735933404889 43.541806020066886 9.399999999999997 0.6 0.6 0.6 0.6 0.5 0.6 0.6 0.6 0.6 0.6 0.6 0.6 0.6 0.5 0.6 0.6 556.0624588456377
7 11500m 7.019135543477189 42.51682692307692 13.000000000000004 0.8 0.8 0.9 0.8 0.8 0.8 0.8 0.8 0.8 0.9 0.8 0.8 0.8 0.8 0.8 0.8 557.2478659865768
10 11500m 10.021478968894604 41.54653130287648 18.599999999999994 1.2 1.1 1.2 1.1 1.2 1.2 1.1 1.1 1.1 1.2 1.2 1.2 1.2 1.1 1.2 1.2 559.6908825771815
12 11500m 12.023715504081867 40.42215988779804 21.7 1.3 1.4 1.3 1.4 1.3 1.4 1.3 1.4 1.4 1.4 1.3 1.4 1.4 1.4 1.3 1.3 562.2898495570473
15 11500m 15.021003819119688 39.71541057367829 26.000000000000004 1.6 1.6 1.6 1.6 1.7 1.7 1.6 1.6 1.6 1.7 1.6 1.6 1.6 1.7 1.6 1.6 561.2084230872483
18 11500m 18.02916255897094 37.889405204460964 31.299999999999997 2.0 2.0 2.0 1.9 1.9 2.0 1.9 1.9 2.0 2.0 1.9 2.0 1.9 1.9 2.0 2.0 563.6809088859062
20 11500m 20.02720777286971 36.88407005838199 34.5 2.1 2.1 2.2 2.1 2.1 2.2 2.2 2.1 2.2 2.2 2.2 2.2 2.2 2.1 2.1 2.2 565.2275474899325
22 11500m 22.02645930072955 35.77871362940276 36.8 2.3 2.3 2.3 2.3 2.3 2.3 2.3 2.3 2.3 2.3 2.3 2.3 2.3 2.3 2.3 2.3 565.4325536644295
25 11500m 25.03070652352234 34.08434547908232 40.800000000000004 2.6 2.5 2.6 2.5 2.5 2.5 2.5 2.6 2.5 2.6 2.5 2.5 2.6 2.6 2.6 2.6 567.0668576644298
27 11500m 27.038370061276698 33.3537037037037 43.7 2.7 2.8 2.7 2.7 2.7 2.7 2.8 2.7 2.7 2.7 2.8 2.8 2.8 2.7 2.7 2.7 588.4346313020136
30 11500m 30.040551233206962 32.233053221288515 47.199999999999996 3.0 3.0 2.9 3.0 3.0 2.9 2.9 3.0 2.9 2.9 2.9 3.0 2.9 3.0 3.0 2.9 628.4712719463088
32 11500m 32.03996113060205 31.056020942408377 50.000000000000014 3.1 3.1 3.1 3.2 3.2 3.1 3.1 3.1 3.1 3.2 3.1 3.1 3.2 3.1 3.1 3.1 650.1741066308725
35 11500m 35.03984629088375 31.6045170591062 53.999999999999986 3.3 3.4 3.4 3.4 3.4 3.4 3.4 3.3 3.4 3.4 3.3 3.4 3.4 3.3 3.4 3.4 653.2178332348993
37 11500m 37.04728553966667 32.02618510158013 56.7 3.5 3.6 3.5 3.6 3.6 3.5 3.5 3.6 3.6 3.5 3.6 3.5 3.5 3.5 3.5 3.6 655.0177503355709
40 11500m 40.049187421291535 32.399242742953305 59.70000000000002 3.7 3.7 3.8 3.8 3.8 3.7 3.8 3.7 3.7 3.7 3.7 3.7 3.7 3.7 3.7 3.8 676.7514562147652
42 11500m 42.0453540309793 33.08895949166005 62.09999999999999 3.9 3.9 3.9 3.9 3.9 3.8 3.9 3.9 3.9 3.8 3.9 3.8 3.9 3.9 3.9 3.9 676.288539489933
45 11500m 45.04419741213767 33.31390977443609 64.2 4.0 4.0 4.0 4.0 4.0 4.0 4.1 4.0 4.0 4.0 4.1 4.0 4.0 4.0 4.0 4.0 665.4151302013425
47 11500m 47.05526360291872 33.49644886363637 67.20000000000002 4.2 4.2 4.2 4.2 4.2 4.2 4.2 4.2 4.2 4.2 4.2 4.2 4.2 4.2 4.2 4.2 677.8825569932883
50 11500m 50.057517015996936 33.208835341365464 69.79999999999998 4.3 4.4 4.4 4.4 4.4 4.4 4.3 4.4 4.4 4.3 4.4 4.4 4.3 4.4 4.3 4.3 677.2552229798655
1 12000m 1.0173152758957635 44.71666666666667 1.7000000000000004 0.1 0.1 0.1 0.1 0.1 0.1 0.1 0.2 0.1 0.1 0.1 0.1 0.1 0.1 0.1 0.1 641.0459832457906
3 12000m 3.0180255982983883 43.212290502793294 6.000000000000001 0.4 0.4 0.4 0.4 0.3 0.4 0.4 0.3 0.3 0.4 0.4 0.4 0.4 0.4 0.4 0.3 578.3274764026847
5 12000m 5.018616868756024 43.4 9.799999999999997 0.6 0.6 0.6 0.6 0.6 0.6 0.6 0.6 0.6 0.6 0.6 0.6 0.6 0.6 0.7 0.7 586.8319269798658
7 12000m 7.019765123556224 42.310843373493974 12.700000000000003 0.8 0.8 0.8 0.8 0.8 0.8 0.7 0.8 0.8 0.8 0.8 0.8 0.8 0.8 0.8 0.8 592.5636723501678
10 12000m 10.02030726677831 41.3824027072758 17.7 1.1 1.1 1.1 1.1 1.1 1.1 1.1 1.1 1.1 1.1 1.1 1.2 1.1 1.1 1.1 1.1 597.5189957583893
12 12000m 12.021966403009408 40.99163179916318 21.100000000000005 1.4 1.3 1.3 1.3 1.4 1.4 1.3 1.3 1.3 1.3 1.3 1.3 1.3 1.3 1.3 1.3 590.9917185723907
15 12000m 15.024247396048182 39.630289532293986 25.70000000000001 1.6 1.6 1.6 1.7 1.6 1.6 1.6 1.6 1.6 1.6 1.6 1.6 1.6 1.6 1.6 1.6 591.3919020671138
18 12000m 18.027246874063326 38.18130841121496 30.099999999999994 1.9 1.9 1.9 1.9 1.9 1.8 1.8 1.9 1.9 1.9 1.9 1.9 1.8 1.9 1.9 1.9 597.1225359463093
20 12000m 20.025842891752173 37.076150627615064 32.80000000000001 2.0 2.0 2.0 2.0 2.0 2.0 2.1 2.0 2.0 2.1 2.1 2.1 2.1 2.1 2.1 2.1 597.1895289127514
22 12000m 22.027515684000345 35.71667936024372 35.4 2.2 2.2 2.2 2.3 2.2 2.2 2.2 2.2 2.2 2.2 2.2 2.2 2.3 2.2 2.2 2.2 600.0467088322151
25 12000m 25.029575048767654 34.20805369127517 38.99999999999999 2.5 2.4 2.4 2.5 2.4 2.5 2.4 2.4 2.4 2.5 2.5 2.4 2.5 2.4 2.4 2.4 614.6515741208052
27 12000m 27.02882934431576 33.374611076540134 41.60000000000001 2.7 2.6 2.6 2.6 2.6 2.6 2.6 2.6 2.6 2.6 2.6 2.6 2.6 2.6 2.5 2.6 612.0456796778533
30 12000m 30.041839691808345 32.13021420518602 44.89999999999999 2.8 2.8 2.8 2.8 2.8 2.8 2.8 2.8 2.8 2.8 2.8 2.8 2.8 2.8 2.9 2.8 656.7407093691273
32 12000m 32.03969733808983 31.170795993674222 47.8 3.0 3.0 2.9 3.0 3.0 3.0 3.0 3.0 3.0 3.0 3.0 3.0 3.0 3.0 3.0 2.9 662.6763081879196
35 12000m 35.04032195128326 31.729638554216866 51.20000000000001 3.2 3.2 3.2 3.2 3.2 3.2 3.2 3.2 3.2 3.2 3.2 3.2 3.2 3.2 3.2 3.2 682.6492151409401
37 12000m 37.04132514684649 32.168339416058394 53.69999999999998 3.4 3.3 3.3 3.4 3.3 3.4 3.4 3.4 3.3 3.3 3.3 3.4 3.4 3.3 3.4 3.4 684.5974679194627
40 12000m 40.042726395965744 33.15142617449664 56.80000000000001 3.5 3.5 3.5 3.6 3.6 3.6 3.6 3.5 3.5 3.5 3.6 3.6 3.5 3.5 3.6 3.6 688.4571919463084
42 12000m 42.04677224394413 33.058087938684956 58.90000000000002 3.7 3.6 3.6 3.7 3.7 3.7 3.7 3.7 3.7 3.7 3.7 3.6 3.7 3.7 3.7 3.7 682.6703686442951
45 12000m 45.046820781754455 33.41218236173393 62.399999999999984 3.9 3.9 3.9 3.9 3.9 3.9 3.9 3.9 3.9 3.9 3.9 3.9 3.9 3.9 3.9 3.9 697.3930420402684
47 12000m 47.04385974983833 33.52299465240642 64.30000000000001 4.0 4.0 4.0 4.0 4.0 4.0 4.0 4.1 4.0 4.0 4.1 4.0 4.0 4.0 4.1 4.0 703.2112038657718
50 12000m 50.05637891977692 33.17289719626168 67.20000000000002 4.2 4.2 4.2 4.2 4.2 4.2 4.2 4.2 4.2 4.2 4.2 4.2 4.2 4.2 4.2 4.2 711.4926423624163
1 12500m 1.0173003336698045 43.166666666666664 1.6000000000000003 0.1 0.1 0.1 0.1 0.1 0.1 0.1 0.1 0.1 0.1 0.1 0.1 0.1 0.1 0.1 0.1 640.690615838926
3 12500m 3.0176755885654982 43.17877094972067 5.3999999999999995 0.3 0.4 0.4 0.4 0.3 0.3 0.4 0.3 0.3 0.3 0.4 0.3 0.3 0.3 0.4 0.3 563.1433317710446
5 12500m 5.018734746827058 42.9695945945946 8.0 0.5 0.5 0.5 0.5 0.5 0.5 0.5 0.5 0.5 0.5 0.5 0.5 0.5 0.5 0.5 0.5 569.0746707609428
7 12500m 7.0199652491099025 42.26442307692308 12.600000000000001 0.8 0.8 0.8 0.8 0.7 0.8 0.8 0.8 0.8 0.8 0.8 0.8 0.7 0.8 0.8 0.8 571.817004821549
10 12500m 10.02146749864154 41.15397631133672 16.9 1.1 1.0 1.1 1.0 1.1 1.0 1.0 1.1 1.1 1.1 1.1 1.0 1.0 1.0 1.1 1.1 574.9313975838929
12 12500m 12.022789081526048 40.29763560500695 20.500000000000007 1.3 1.3 1.2 1.2 1.3 1.2 1.3 1.3 1.3 1.3 1.3 1.3 1.3 1.3 1.3 1.3 574.2022697373737
15 12500m 15.025053376761333 39.51950947603122 24.3 1.6 1.5 1.5 1.6 1.5 1.5 1.5 1.5 1.5 1.5 1.5 1.5 1.5 1.5 1.5 1.6 575.8225387382548
18 12500m 18.025156495123436 38.20925925925926 28.900000000000006 1.8 1.8 1.8 1.8 1.8 1.8 1.8 1.8 1.8 1.8 1.9 1.8 1.8 1.8 1.8 1.8 577.1414782281879
20 12500m 20.026618101888225 37.01754385964912 32.0 2.0 2.0 2.0 2.0 2.0 2.0 2.0 2.0 2.0 2.0 2.0 2.0 2.0 2.0 2.0 2.0 577.0181996241612
22 12500m 22.02714764599586 35.619192688499616 33.70000000000001 2.1 2.1 2.1 2.1 2.1 2.1 2.1 2.1 2.2 2.1 2.1 2.1 2.1 2.1 2.1 2.1 579.2470284026845
25 12500m 25.028142285332876 34.25 37.39999999999999 2.3 2.4 2.3 2.3 2.4 2.4 2.3 2.3 2.4 2.3 2.4 2.3 2.4 2.3 2.3 2.3 599.76642147651
27 12500m 27.030866728924583 33.23325062034739 40.0 2.5 2.5 2.5 2.5 2.5 2.5 2.5 2.5 2.5 2.5 2.5 2.5 2.5 2.5 2.5 2.5 598.1801148993279
30 12500m 30.037420416533102 32.21873247335951 43.20000000000001 2.7 2.7 2.7 2.7 2.7 2.7 2.7 2.7 2.7 2.7 2.7 2.7 2.7 2.7 2.7 2.7 632.4179741208053
32 12500m 32.041643032563705 31.25694808599895 46.29999999999999 2.9 2.9 2.9 2.9 2.9 2.8 2.9 2.9 2.9 2.9 2.9 2.9 2.9 2.9 2.9 2.9 657.5271276241614
35 12500m 35.04084959925991 31.61431316042267 49.500000000000014 3.1 3.1 3.1 3.1 3.1 3.1 3.1 3.1 3.0 3.1 3.1 3.1 3.1 3.1 3.1 3.1 658.808928214765
37 12500m 37.04507309984807 32.04787714543812 51.70000000000001 3.2 3.2 3.3 3.3 3.3 3.2 3.2 3.3 3.2 3.2 3.2 3.2 3.3 3.2 3.2 3.2 665.3245646174496
40 12500m 40.051508477647154 32.92359645420009 54.399999999999984 3.4 3.4 3.4 3.4 3.4 3.4 3.4 3.4 3.4 3.4 3.4 3.4 3.4 3.4 3.4 3.4 683.404872161074
42 12500m 42.046291983286416 32.96024096385542 56.6 3.5 3.6 3.6 3.6 3.5 3.5 3.6 3.6 3.6 3.5 3.5 3.5 3.5 3.5 3.5 3.5 680.5579047516779
45 12500m 45.050397396391304 33.38878504672897 59.7 3.8 3.8 3.7 3.7 3.7 3.7 3.7 3.7 3.7 3.8 3.7 3.7 3.8 3.7 3.7 3.8 680.2295100134226
47 12500m 47.04582762175243 33.51677373304782 61.999999999999986 3.8 3.9 3.8 3.8 3.9 3.9 3.9 3.9 3.9 3.9 3.9 3.9 3.9 3.9 3.8 3.9 684.1974344161073
50 12500m 50.05885229827636 33.13443955299695 63.699999999999996 3.9 4.0 4.0 4.0 4.0 4.0 4.0 4.0 3.9 3.9 4.0 4.0 4.0 4.0 4.0 4.0 684.9842925100666
1 13000m 1.0172860332263505 44.266666666666666 1.6000000000000003 0.1 0.1 0.1 0.1 0.1 0.1 0.1 0.1 0.1 0.1 0.1 0.1 0.1 0.1 0.1 0.1 641.6366543892611
3 13000m 3.0177799446331934 43.11666666666667 4.899999999999999 0.3 0.3 0.3 0.3 0.3 0.3 0.3 0.3 0.3 0.4 0.3 0.3 0.3 0.3 0.3 0.3 580.6092233020129
5 13000m 5.018564842069536 42.47826086956522 9.499999999999998 0.6 0.6 0.6 0.6 0.6 0.6 0.6 0.6 0.6 0.5 0.6 0.6 0.6 0.6 0.6 0.6 587.6746858523481
7 13000m 7.019736552042449 42.26201923076923 11.799999999999999 0.7 0.7 0.8 0.7 0.7 0.8 0.8 0.8 0.7 0.7 0.7 0.7 0.8 0.8 0.7 0.7 586.7872642154879
10 13000m 10.020788018294166 41.178451178451176 16.1 1.0 1.0 1.0 1.0 1.0 1.0 1.0 1.0 1.0 1.0 1.0 1.1 1.0 1.0 1.0 1.0 588.2850035973153
12 13000m 12.025562453406653 40.98597475455821 19.199999999999996 1.2 1.2 1.2 1.2 1.2 1.2 1.2 1.2 1.2 1.2 1.2 1.2 1.2 1.2 1.2 1.2 590.5833184107747
15 13000m 15.024842122511028 39.699776785714285 23.8 1.5 1.5 1.4 1.4 1.5 1.5 1.5 1.5 1.5 1.5 1.5 1.5 1.5 1.5 1.5 1.5 593.3362237852344
18 13000m 18.02457086451056 38.28999064546305 27.499999999999993 1.7 1.7 1.8 1.8 1.7 1.7 1.7 1.7 1.8 1.7 1.7 1.7 1.7 1.7 1.7 1.7 595.6935680000006
20 13000m 20.028147607282236 36.96290050590219 30.29999999999999 1.9 1.9 1.8 1.9 1.9 1.9 1.9 1.9 1.9 1.9 1.9 1.9 1.9 1.9 1.9 1.9 612.6348301744968
22 13000m 22.030416289746142 35.92697924673328 32.300000000000004 2.0 2.0 2.0 2.1 2.0 2.0 2.0 2.0 2.0 2.1 2.1 2.0 2.0 2.0 2.0 2.0 618.1046670604032
25 13000m 25.03426198656008 34.241588156123825 36.599999999999994 2.3 2.2 2.3 2.3 2.3 2.3 2.3 2.3 2.3 2.3 2.3 2.3 2.2 2.3 2.3 2.3 621.3447542550335
27 13000m 27.036016765963083 33.2605459057072 38.39999999999999 2.4 2.4 2.4 2.4 2.4 2.4 2.4 2.4 2.4 2.4 2.4 2.4 2.4 2.4 2.4 2.4 641.6848717315436
30 13000m 30.03859818931301 32.057464788732396 41.60000000000001 2.6 2.6 2.6 2.6 2.6 2.6 2.6 2.6 2.6 2.6 2.6 2.6 2.6 2.6 2.6 2.6 646.2510595436238
32 13000m 32.03635460633147 32.18095739084692 44.00000000000001 2.8 2.8 2.8 2.8 2.8 2.7 2.8 2.7 2.7 2.8 2.7 2.7 2.7 2.8 2.7 2.7 664.293733369127
35 13000m 35.044364220560205 31.61578947368421 47.699999999999996 3.0 3.0 2.9 3.0 3.0 3.0 3.0 3.0 3.0 3.0 3.0 3.0 2.9 2.9 3.0 3.0 669.2698922953016
37 13000m 37.041558812063606 32.071686203787195 49.90000000000001 3.1 3.1 3.1 3.2 3.1 3.1 3.1 3.1 3.1 3.2 3.1 3.1 3.1 3.1 3.2 3.1 672.2032193288587
40 13000m 40.03885931316856 32.44060657118787 52.69999999999999 3.3 3.3 3.3 3.3 3.3 3.3 3.3 3.3 3.3 3.3 3.3 3.3 3.3 3.3 3.3 3.2 686.8933446442957
42 13000m 42.04119975360927 33.00399680255796 54.59999999999999 3.4 3.4 3.4 3.4 3.4 3.4 3.4 3.5 3.4 3.4 3.4 3.5 3.4 3.4 3.4 3.4 685.7569383087249
45 13000m 45.05259642464916 33.43859649122807 57.600000000000016 3.6 3.6 3.6 3.6 3.6 3.6 3.6 3.6 3.6 3.6 3.6 3.6 3.6 3.6 3.6 3.6 720.8271514630877
47 13000m 47.04648224552751 33.5845045045045 58.90000000000002 3.6 3.7 3.7 3.7 3.7 3.7 3.7 3.6 3.7 3.7 3.6 3.7 3.7 3.7 3.7 3.7 729.2292707651004
50 13000m 50.05316134320602 33.234258632362895 60.89999999999998 3.8 3.8 3.8 3.8 3.8 3.8 3.8 3.9 3.8 3.8 3.8 3.8 3.8 3.8 3.8 3.8 730.4648332885905
1 13500m 1.0173449860093366 45.15 1.6000000000000003 0.1 0.1 0.1 0.1 0.1 0.1 0.1 0.1 0.1 0.1 0.1 0.1 0.1 0.1 0.1 0.1 641.8781671946302
3 13500m 3.0179996510144154 43.605555555555554 4.799999999999999 0.3 0.3 0.3 0.3 0.3 0.3 0.3 0.3 0.3 0.3 0.3 0.3 0.3 0.3 0.3 0.3 564.6710137986574
5 13500m 5.018764984101004 42.852842809364546 8.0 0.5 0.5 0.5 0.5 0.5 0.5 0.5 0.5 0.5 0.5 0.5 0.5 0.5 0.5 0.5 0.5 578.9295334228187
7 13500m 7.019357059946607 42.389021479713605 11.199999999999998 0.7 0.7 0.7 0.7 0.7 0.7 0.7 0.7 0.7 0.7 0.7 0.7 0.7 0.7 0.7 0.7 577.7002935838926
10 13500m 10.02181793515826 41.30050083472454 15.9 1.0 1.0 1.0 1.0 1.0 1.0 1.0 1.0 1.0 1.0 1.0 1.0 1.0 1.0 0.9 1.0 575.2642731812078
12 13500m 12.022292478276857 41.063025210084035 18.9 1.2 1.2 1.2 1.2 1.2 1.2 1.2 1.2 1.1 1.2 1.2 1.1 1.2 1.2 1.2 1.1 578.5568798926173
15 13500m 15.023139589057488 39.64333333333333 22.9 1.5 1.5 1.4 1.5 1.4 1.4 1.4 1.5 1.4 1.4 1.4 1.4 1.4 1.4 1.5 1.4 581.1479710067109
18 13500m 18.026503622688153 38.33457595526561 26.400000000000006 1.6 1.7 1.7 1.7 1.7 1.7 1.6 1.7 1.7 1.6 1.6 1.6 1.6 1.7 1.6 1.6 582.6412791409394